acc1_x,acc1_y,acc1_z,gyro_x,gyro_y,gyro_z,acc2_x,acc2_y,acc2_z
-56.0,-267.0,-34.0,192.0,36.0,-17.0,-240.0,-1037.0,-47.0
-56.0,-263.0,-30.0,185.0,6.0,0.0,-233.0,-1025.0,-55.0
-51.0,-260.0,-34.0,181.0,-26.0,20.0,-233.0,-1004.0,-63.0
-50.0,-257.0,-32.0,177.0,-61.0,44.0,-229.0,-994.0,-62.0
-49.0,-253.0,-35.0,174.0,-95.0,69.0,-220.0,-977.0,-60.0
-48.0,-255.0,-31.0,172.0,-128.0,103.0,-210.0,-975.0,-61.0
-37.0,-251.0,-28.0,169.0,-165.0,129.0,-199.0,-966.0,-49.0
-43.0,-254.0,-38.0,166.0,-190.0,156.0,-179.0,-964.0,-47.0
-35.0,-249.0,-32.0,161.0,-212.0,175.0,-163.0,-953.0,-51.0
-30.0,-243.0,-27.0,154.0,-232.0,193.0,-140.0,-943.0,-49.0
-24.0,-242.0,-27.0,145.0,-250.0,202.0,-124.0,-932.0,-39.0
-19.0,-240.0,-27.0,134.0,-267.0,208.0,-101.0,-922.0,-32.0
-15.0,-238.0,-25.0,125.0,-282.0,207.0,-91.0,-912.0,-30.0
-11.0,-236.0,-22.0,115.0,-294.0,205.0,-72.0,-904.0,-15.0
-5.0,-232.0,-19.0,111.0,-300.0,201.0,-46.0,-899.0,-5.0
-2.0,-234.0,-16.0,106.0,-300.0,193.0,-41.0,-896.0,5.0
3.0,-229.0,-19.0,100.0,-296.0,183.0,-29.0,-892.0,14.0
-2.0,-231.0,-18.0,97.0,-289.0,174.0,-25.0,-894.0,13.0
-3.0,-233.0,-13.0,96.0,-277.0,163.0,-35.0,-893.0,15.0
-7.0,-232.0,-17.0,93.0,-259.0,154.0,-49.0,-897.0,12.0
-9.0,-236.0,-18.0,89.0,-239.0,146.0,-63.0,-902.0,10.0
-13.0,-237.0,-21.0,80.0,-215.0,136.0,-76.0,-912.0,-2.0
-15.0,-236.0,-16.0,66.0,-192.0,122.0,-97.0,-915.0,-12.0
-20.0,-239.0,-24.0,47.0,-170.0,108.0,-112.0,-924.0,-22.0
-22.0,-240.0,-24.0,23.0,-154.0,91.0,-118.0,-923.0,-30.0
-22.0,-239.0,-27.0,-1.0,-141.0,72.0,-123.0,-922.0,-35.0
-24.0,-242.0,-25.0,-23.0,-128.0,53.0,-126.0,-918.0,-33.0
-26.0,-241.0,-24.0,-40.0,-124.0,38.0,-133.0,-923.0,-30.0
-31.0,-241.0,-26.0,-44.0,-126.0,24.0,-132.0,-930.0,-31.0
-29.0,-247.0,-24.0,-42.0,-127.0,9.0,-142.0,-942.0,-35.0
-29.0,-250.0,-23.0,-40.0,-131.0,-3.0,-146.0,-958.0,-39.0
-28.0,-255.0,-28.0,-36.0,-135.0,-15.0,-149.0,-975.0,-39.0
-32.0,-259.0,-30.0,-33.0,-139.0,-24.0,-147.0,-1004.0,-45.0
-30.0,-259.0,-31.0,-31.0,-142.0,-34.0,-154.0,-1013.0,-49.0
-29.0,-265.0,-33.0,-30.0,-147.0,-40.0,-150.0,-1025.0,-57.0
-31.0,-267.0,-35.0,-27.0,-151.0,-48.0,-156.0,-1045.0,-64.0
-29.0,-271.0,-34.0,-25.0,-157.0,-53.0,-150.0,-1047.0,-63.0
-31.0,-270.0,-38.0,-21.0,-161.0,-55.0,-143.0,-1050.0,-74.0
-27.0,-274.0,-41.0,-18.0,-162.0,-57.0,-142.0,-1056.0,-72.0
-28.0,-274.0,-38.0,-12.0,-165.0,-60.0,-135.0,-1056.0,-73.0
-26.0,-276.0,-37.0,-6.0,-166.0,-59.0,-132.0,-1066.0,-71.0
-24.0,-275.0,-36.0,0.0,-166.0,-62.0,-126.0,-1071.0,-75.0
-23.0,-274.0,-33.0,7.0,-168.0,-62.0,-119.0,-1070.0,-72.0
-21.0,-274.0,-32.0,11.0,-165.0,-66.0,-111.0,-1067.0,-67.0
-20.0,-274.0,-34.0,15.0,-162.0,-66.0,-113.0,-1067.0,-67.0
-18.0,-274.0,-37.0,19.0,-156.0,-71.0,-107.0,-1064.0,-65.0
-13.0,-271.0,-33.0,24.0,-146.0,-72.0,-100.0,-1056.0,-49.0
-12.0,-268.0,-31.0,27.0,-135.0,-74.0,-86.0,-1052.0,-46.0
-12.0,-269.0,-29.0,30.0,-127.0,-75.0,-87.0,-1051.0,-45.0
-12.0,-266.0,-29.0,30.0,-116.0,-76.0,-78.0,-1041.0,-44.0
-9.0,-267.0,-30.0,30.0,-105.0,-71.0,-73.0,-1039.0,-41.0
-11.0,-263.0,-28.0,28.0,-96.0,-71.0,-67.0,-1031.0,-28.0
-7.0,-265.0,-25.0,28.0,-85.0,-66.0,-60.0,-1021.0,-25.0
-8.0,-260.0,-23.0,26.0,-75.0,-64.0,-52.0,-1018.0,-19.0
-7.0,-261.0,-21.0,28.0,-65.0,-55.0,-56.0,-1012.0,-10.0
-6.0,-258.0,-21.0,28.0,-57.0,-53.0,-56.0,-1003.0,-6.0
-6.0,-258.0,-16.0,30.0,-50.0,-44.0,-58.0,-990.0,5.0
-7.0,-255.0,-19.0,33.0,-46.0,-41.0,-58.0,-979.0,4.0
-8.0,-253.0,-15.0,36.0,-40.0,-34.0,-67.0,-976.0,8.0
-12.0,-249.0,-14.0,39.0,-37.0,-34.0,-67.0,-967.0,13.0
-11.0,-252.0,-17.0,41.0,-34.0,-28.0,-71.0,-958.0,17.0
-11.0,-250.0,-11.0,42.0,-29.0,-26.0,-69.0,-962.0,19.0
-12.0,-249.0,-11.0,42.0,-25.0,-22.0,-73.0,-955.0,28.0
-14.0,-248.0,-9.0,44.0,-22.0,-20.0,-76.0,-955.0,26.0
-15.0,-248.0,-11.0,44.0,-17.0,-17.0,-74.0,-953.0,37.0
-11.0,-249.0,-11.0,40.0,-14.0,-16.0,-77.0,-950.0,37.0
-12.0,-246.0,-7.0,38.0,-7.0,-12.0,-76.0,-947.0,34.0
-12.0,-250.0,-10.0,33.0,-2.0,-13.0,-82.0,-950.0,34.0
-12.0,-251.0,-10.0,29.0,4.0,-8.0,-81.0,-951.0,36.0
-12.0,-247.0,-9.0,27.0,9.0,-7.0,-88.0,-951.0,33.0
-13.0,-248.0,-14.0,23.0,12.0,-1.0,-90.0,-956.0,36.0
-12.0,-249.0,-12.0,23.0,18.0,-1.0,-92.0,-956.0,27.0
-12.0,-248.0,-10.0,24.0,22.0,3.0,-93.0,-956.0,30.0
-14.0,-252.0,-9.0,24.0,28.0,4.0,-94.0,-958.0,27.0
-15.0,-253.0,-10.0,25.0,32.0,11.0,-93.0,-966.0,32.0
-11.0,-248.0,-8.0,28.0,38.0,10.0,-82.0,-962.0,36.0
-12.0,-249.0,-11.0,36.0,54.0,15.0,-78.0,-958.0,32.0
-12.0,-251.0,-11.0,43.0,60.0,15.0,-79.0,-960.0,29.0
-12.0,-251.0,-11.0,46.0,65.0,18.0,-83.0,-963.0,23.0
-12.0,-252.0,-15.0,50.0,72.0,19.0,-86.0,-962.0,30.0
-12.0,-255.0,-8.0,51.0,77.0,21.0,-90.0,-964.0,26.0
-12.0,-255.0,-12.0,54.0,81.0,20.0,-94.0,-969.0,18.0
-26.0,-251.0,-17.0,53.0,83.0,25.0,-114.0,-961.0,15.0
-14.0,-258.0,-19.0,36.0,57.0,30.0,-110.0,-976.0,-9.0
-23.0,-254.0,-12.0,20.0,52.0,31.0,-114.0,-980.0,22.0
-21.0,-257.0,-13.0,20.0,58.0,35.0,-110.0,-966.0,14.0
-18.0,-262.0,-1.0,14.0,50.0,45.0,-108.0,-1014.0,36.0
-18.0,-257.0,-6.0,31.0,64.0,38.0,-121.0,-997.0,43.0
-11.0,-260.0,-15.0,40.0,68.0,46.0,-71.0,-1002.0,39.0
-12.0,-256.0,-12.0,52.0,75.0,35.0,-84.0,-980.0,28.0
-12.0,-260.0,-10.0,61.0,82.0,37.0,-90.0,-995.0,40.0
-12.0,-257.0,-14.0,73.0,86.0,39.0,-84.0,-998.0,30.0
-12.0,-258.0,-13.0,77.0,90.0,41.0,-85.0,-995.0,21.0
-12.0,-259.0,-16.0,80.0,93.0,38.0,-77.0,-996.0,15.0
-11.0,-256.0,-15.0,79.0,97.0,40.0,-78.0,-999.0,8.0
-12.0,-259.0,-19.0,79.0,101.0,36.0,-78.0,-1000.0,7.0
-11.0,-258.0,-15.0,78.0,108.0,34.0,-71.0,-1003.0,3.0
-12.0,-259.0,-22.0,73.0,115.0,28.0,-76.0,-1000.0,-3.0
-12.0,-256.0,-21.0,70.0,122.0,26.0,-78.0,-1001.0,-4.0
-12.0,-258.0,-17.0,65.0,128.0,19.0,-79.0,-1000.0,-14.0
-11.0,-257.0,-17.0,61.0,137.0,15.0,-76.0,-1003.0,-9.0
-12.0,-258.0,-21.0,59.0,147.0,7.0,-76.0,-999.0,-10.0
-12.0,-260.0,-22.0,57.0,157.0,4.0,-77.0,-1008.0,-7.0
-12.0,-260.0,-21.0,57.0,163.0,-7.0,-84.0,-1003.0,-5.0
-12.0,-259.0,-16.0,58.0,172.0,-10.0,-87.0,-1005.0,2.0
-13.0,-259.0,-18.0,58.0,178.0,-16.0,-92.0,-1003.0,-1.0
-17.0,-259.0,-18.0,60.0,185.0,-17.0,-97.0,-999.0,2.0
-12.0,-260.0,-19.0,60.0,187.0,-23.0,-99.0,-999.0,7.0
-18.0,-257.0,-11.0,60.0,191.0,-23.0,-100.0,-1001.0,7.0
-15.0,-258.0,-15.0,63.0,193.0,-27.0,-101.0,-990.0,15.0
-21.0,-257.0,-15.0,63.0,192.0,-27.0,-105.0,-987.0,17.0
-22.0,-254.0,-16.0,66.0,192.0,-30.0,-113.0,-977.0,20.0
-17.0,-252.0,-10.0,69.0,192.0,-30.0,-110.0,-969.0,20.0
-23.0,-250.0,-9.0,70.0,193.0,-33.0,-113.0,-968.0,22.0
-24.0,-251.0,-7.0,73.0,193.0,-32.0,-111.0,-961.0,19.0
-20.0,-251.0,-13.0,74.0,192.0,-35.0,-111.0,-961.0,27.0
-21.0,-250.0,-12.0,74.0,192.0,-34.0,-116.0,-965.0,26.0
-20.0,-252.0,-13.0,74.0,191.0,-37.0,-120.0,-965.0,29.0
-24.0,-248.0,-15.0,70.0,189.0,-35.0,-116.0,-958.0,31.0
-23.0,-251.0,-13.0,68.0,186.0,-39.0,-113.0,-967.0,34.0
-23.0,-253.0,-8.0,66.0,184.0,-37.0,-120.0,-964.0,30.0
-23.0,-252.0,-8.0,60.0,182.0,-39.0,-117.0,-962.0,38.0
-26.0,-250.0,-7.0,56.0,176.0,-39.0,-117.0,-966.0,39.0
-22.0,-252.0,-9.0,53.0,173.0,-40.0,-119.0,-961.0,39.0
-23.0,-250.0,-6.0,51.0,169.0,-39.0,-110.0,-960.0,45.0
-22.0,-250.0,-6.0,47.0,166.0,-41.0,-123.0,-958.0,44.0
-22.0,-250.0,-7.0,47.0,164.0,-39.0,-116.0,-963.0,51.0
-24.0,-251.0,-9.0,47.0,163.0,-41.0,-123.0,-964.0,49.0
-22.0,-253.0,-8.0,49.0,161.0,-40.0,-120.0,-964.0,46.0
-21.0,-252.0,-3.0,48.0,159.0,-40.0,-120.0,-961.0,38.0
-24.0,-251.0,-8.0,47.0,158.0,-37.0,-124.0,-970.0,38.0
-25.0,-252.0,-6.0,44.0,153.0,-36.0,-120.0,-970.0,41.0
-22.0,-256.0,-11.0,44.0,151.0,-30.0,-123.0,-969.0,33.0
-26.0,-254.0,-9.0,41.0,146.0,-29.0,-125.0,-979.0,32.0
-29.0,-254.0,-12.0,38.0,142.0,-27.0,-134.0,-976.0,30.0
-27.0,-253.0,-6.0,35.0,136.0,-26.0,-131.0,-974.0,28.0
-26.0,-255.0,-11.0,33.0,130.0,-23.0,-130.0,-974.0,26.0
-26.0,-254.0,-11.0,29.0,123.0,-23.0,-133.0,-974.0,29.0
-25.0,-254.0,-9.0,25.0,117.0,-20.0,-132.0,-968.0,29.0
-27.0,-251.0,-11.0,21.0,111.0,-19.0,-136.0,-965.0,29.0
-27.0,-253.0,-12.0,16.0,106.0,-17.0,-131.0,-965.0,30.0
-28.0,-253.0,-12.0,14.0,98.0,-15.0,-136.0,-968.0,32.0
-31.0,-251.0,-8.0,10.0,93.0,-12.0,-140.0,-970.0,29.0
-27.0,-253.0,-11.0,9.0,87.0,-10.0,-142.0,-968.0,32.0
-28.0,-254.0,-11.0,6.0,77.0,-7.0,-143.0,-978.0,34.0
-29.0,-253.0,-10.0,3.0,71.0,-5.0,-139.0,-979.0,30.0
-29.0,-254.0,-12.0,0.0,61.0,-1.0,-136.0,-988.0,29.0
-29.0,-257.0,-13.0,-2.0,54.0,3.0,-142.0,-985.0,22.0
-27.0,-257.0,-13.0,-3.0,46.0,6.0,-139.0,-988.0,24.0
-28.0,-257.0,-12.0,-6.0,37.0,9.0,-137.0,-990.0,20.0
-27.0,-256.0,-15.0,-7.0,32.0,11.0,-137.0,-988.0,18.0
-25.0,-257.0,-15.0,-9.0,25.0,12.0,-133.0,-986.0,24.0
-27.0,-259.0,-11.0,-12.0,20.0,13.0,-133.0,-985.0,30.0
-22.0,-258.0,-11.0,-11.0,17.0,15.0,-128.0,-982.0,28.0
-25.0,-255.0,-8.0,-12.0,12.0,14.0,-125.0,-978.0,29.0
-21.0,-255.0,-12.0,-10.0,9.0,15.0,-124.0,-975.0,29.0
-21.0,-256.0,-14.0,-9.0,5.0,16.0,-119.0,-973.0,27.0
-22.0,-254.0,-12.0,-6.0,1.0,16.0,-121.0,-981.0,33.0
-23.0,-256.0,-8.0,-4.0,-2.0,15.0,-120.0,-974.0,36.0
-24.0,-255.0,-9.0,-1.0,-5.0,14.0,-123.0,-973.0,36.0
-24.0,-255.0,-8.0,0.0,-7.0,14.0,-122.0,-976.0,35.0
-23.0,-255.0,-9.0,-2.0,-9.0,14.0,-123.0,-972.0,36.0
-24.0,-251.0,-4.0,-4.0,-9.0,11.0,-121.0,-975.0,39.0
-23.0,-254.0,-12.0,-4.0,-11.0,11.0,-122.0,-976.0,39.0
-20.0,-254.0,-6.0,-7.0,-11.0,10.0,-122.0,-970.0,42.0
-21.0,-253.0,-5.0,-9.0,-12.0,9.0,-116.0,-971.0,39.0
-21.0,-251.0,-6.0,-9.0,-12.0,8.0,-113.0,-972.0,45.0
-19.0,-255.0,-7.0,-10.0,-12.0,8.0,-112.0,-969.0,40.0
-22.0,-253.0,-2.0,-12.0,-10.0,6.0,-111.0,-972.0,41.0
-23.0,-254.0,-6.0,-12.0,-9.0,5.0,-120.0,-970.0,46.0
-21.0,-253.0,-9.0,-14.0,-8.0,4.0,-117.0,-965.0,46.0
-21.0,-254.0,-7.0,-15.0,-6.0,4.0,-118.0,-972.0,43.0
-22.0,-251.0,-8.0,-17.0,-5.0,0.0,-116.0,-973.0,40.0
-21.0,-253.0,-9.0,-18.0,0.0,0.0,-112.0,-970.0,43.0
-20.0,-256.0,-5.0,-22.0,3.0,-2.0,-111.0,-962.0,40.0
-23.0,-250.0,-6.0,-24.0,5.0,-4.0,-116.0,-965.0,44.0
-23.0,-252.0,-6.0,-27.0,6.0,-5.0,-111.0,-968.0,42.0
-19.0,-255.0,-6.0,-28.0,7.0,-6.0,-109.0,-966.0,41.0
-18.0,-252.0,-6.0,-28.0,8.0,-7.0,-117.0,-967.0,38.0
-18.0,-256.0,-7.0,-29.0,11.0,-6.0,-111.0,-968.0,45.0
-23.0,-251.0,-3.0,-29.0,13.0,-9.0,-114.0,-969.0,44.0
-21.0,-254.0,-8.0,-30.0,15.0,-5.0,-110.0,-974.0,41.0
-22.0,-255.0,-5.0,-33.0,16.0,-7.0,-114.0,-975.0,41.0
-21.0,-254.0,-7.0,-35.0,18.0,-6.0,-116.0,-978.0,46.0
-21.0,-257.0,-10.0,-38.0,20.0,-9.0,-113.0,-974.0,44.0
-17.0,-257.0,-6.0,-39.0,22.0,-7.0,-109.0,-977.0,44.0
-23.0,-256.0,-4.0,-42.0,22.0,-8.0,-114.0,-975.0,45.0
-24.0,-254.0,-4.0,-42.0,23.0,-7.0,-112.0,-975.0,42.0
-20.0,-255.0,-10.0,-43.0,25.0,-11.0,-111.0,-977.0,37.0
-20.0,-256.0,-8.0,-42.0,22.0,-8.0,-115.0,-974.0,39.0
-21.0,-255.0,-8.0,-42.0,24.0,-10.0,-114.0,-975.0,45.0
-20.0,-255.0,-12.0,-41.0,24.0,-9.0,-116.0,-975.0,37.0
-20.0,-252.0,-8.0,-39.0,25.0,-12.0,-111.0,-976.0,38.0
-22.0,-255.0,-9.0,-39.0,25.0,-9.0,-112.0,-975.0,36.0
-22.0,-254.0,-13.0,-37.0,26.0,-11.0,-110.0,-974.0,35.0
-21.0,-256.0,-8.0,-37.0,28.0,-7.0,-108.0,-975.0,36.0
-20.0,-258.0,-8.0,-37.0,31.0,-9.0,-110.0,-979.0,29.0
-20.0,-256.0,-9.0,-37.0,30.0,-7.0,-109.0,-987.0,35.0
-19.0,-257.0,-11.0,-38.0,29.0,-7.0,-107.0,-982.0,36.0
-18.0,-256.0,-8.0,-39.0,32.0,-5.0,-111.0,-977.0,38.0
-17.0,-256.0,-6.0,-38.0,33.0,-6.0,-109.0,-976.0,34.0
-18.0,-258.0,-7.0,-39.0,35.0,-4.0,-109.0,-976.0,36.0
-18.0,-255.0,-10.0,-36.0,35.0,-8.0,-108.0,-977.0,35.0
-20.0,-255.0,-11.0,-34.0,37.0,-4.0,-106.0,-975.0,35.0
-22.0,-252.0,-7.0,-33.0,39.0,-6.0,-107.0,-977.0,34.0
-21.0,-254.0,-11.0,-31.0,41.0,-5.0,-107.0,-971.0,34.0
-22.0,-253.0,-10.0,-30.0,41.0,-6.0,-109.0,-975.0,34.0
-22.0,-253.0,-9.0,-30.0,41.0,-2.0,-115.0,-976.0,35.0
-22.0,-256.0,-6.0,-29.0,42.0,-4.0,-112.0,-975.0,33.0
-21.0,-255.0,-8.0,-27.0,44.0,-1.0,-115.0,-976.0,34.0
-21.0,-252.0,-9.0,-28.0,43.0,-2.0,-114.0,-974.0,35.0
-24.0,-258.0,-9.0,-26.0,45.0,0.0,-114.0,-975.0,37.0
-22.0,-254.0,-8.0,-26.0,45.0,-1.0,-113.0,-988.0,36.0
-24.0,-252.0,-6.0,-26.0,46.0,0.0,-116.0,-975.0,35.0
-21.0,-257.0,-8.0,-26.0,49.0,-3.0,-114.0,-977.0,37.0
-20.0,-256.0,-7.0,-26.0,53.0,0.0,-115.0,-976.0,34.0
-17.0,-254.0,-10.0,-25.0,54.0,-3.0,-110.0,-976.0,37.0
-20.0,-253.0,-8.0,-25.0,55.0,0.0,-115.0,-973.0,36.0
-20.0,-252.0,-13.0,-24.0,56.0,-3.0,-112.0,-975.0,28.0
-20.0,-254.0,-13.0,-25.0,58.0,-1.0,-114.0,-969.0,34.0
-21.0,-253.0,-9.0,-25.0,59.0,-4.0,-110.0,-971.0,33.0
-19.0,-252.0,-7.0,-24.0,62.0,-3.0,-110.0,-973.0,36.0
-21.0,-254.0,-10.0,-24.0,61.0,-4.0,-109.0,-976.0,33.0
-21.0,-253.0,-7.0,-24.0,62.0,-1.0,-115.0,-977.0,33.0
-23.0,-255.0,-9.0,-23.0,65.0,-2.0,-111.0,-977.0,29.0
-21.0,-255.0,-8.0,-22.0,63.0,-2.0,-119.0,-971.0,29.0
-21.0,-253.0,-10.0,-22.0,64.0,-2.0,-118.0,-977.0,32.0
-20.0,-255.0,-9.0,-23.0,65.0,2.0,-114.0,-976.0,33.0
-21.0,-253.0,-9.0,-22.0,65.0,0.0,-115.0,-974.0,31.0
-21.0,-257.0,-10.0,-20.0,66.0,1.0,-112.0,-978.0,29.0
-23.0,-253.0,-9.0,-20.0,65.0,-1.0,-115.0,-984.0,31.0
-24.0,-253.0,-9.0,-21.0,66.0,1.0,-118.0,-978.0,32.0
-22.0,-255.0,-14.0,-20.0,67.0,-2.0,-116.0,-979.0,26.0
-21.0,-256.0,-5.0,-19.0,67.0,1.0,-111.0,-974.0,28.0
-22.0,-253.0,-8.0,-17.0,68.0,-1.0,-112.0,-980.0,26.0
-21.0,-253.0,-16.0,-15.0,69.0,0.0,-113.0,-982.0,25.0
-22.0,-256.0,-11.0,-15.0,68.0,-3.0,-111.0,-983.0,28.0
-21.0,-255.0,-12.0,-14.0,69.0,0.0,-112.0,-986.0,20.0
-21.0,-254.0,-9.0,-12.0,71.0,-4.0,-113.0,-977.0,21.0
-20.0,-257.0,-16.0,-11.0,71.0,-4.0,-111.0,-976.0,27.0
-19.0,-257.0,-15.0,-10.0,73.0,-6.0,-110.0,-978.0,23.0
-23.0,-253.0,-13.0,-8.0,75.0,-5.0,-108.0,-977.0,22.0
-19.0,-253.0,-10.0,-7.0,77.0,-8.0,-111.0,-986.0,22.0
-20.0,-255.0,-14.0,-7.0,79.0,-5.0,-109.0,-974.0,20.0
-22.0,-254.0,-10.0,-7.0,80.0,-8.0,-107.0,-973.0,25.0
-20.0,-253.0,-14.0,-8.0,83.0,-6.0,-109.0,-981.0,19.0
-21.0,-252.0,-9.0,-8.0,83.0,-9.0,-109.0,-979.0,27.0
-18.0,-256.0,-15.0,-7.0,83.0,-8.0,-110.0,-974.0,22.0
-21.0,-255.0,-14.0,-8.0,84.0,-9.0,-112.0,-986.0,26.0
-19.0,-255.0,-14.0,-6.0,83.0,-6.0,-116.0,-976.0,20.0
-21.0,-254.0,-13.0,-3.0,83.0,-7.0,-113.0,-976.0,21.0
-21.0,-258.0,-14.0,-3.0,81.0,-4.0,-118.0,-975.0,21.0
-20.0,-255.0,-16.0,-3.0,80.0,-6.0,-112.0,-974.0,23.0
-20.0,-254.0,-14.0,-3.0,80.0,-4.0,-114.0,-976.0,21.0
-22.0,-256.0,-15.0,-4.0,77.0,-5.0,-114.0,-973.0,24.0
-24.0,-254.0,-13.0,-1.0,77.0,-3.0,-114.0,-977.0,25.0
-24.0,-252.0,-9.0,-2.0,78.0,-6.0,-117.0,-974.0,23.0
-25.0,-255.0,-11.0,0.0,78.0,-3.0,-121.0,-975.0,21.0
-20.0,-254.0,-11.0,-1.0,77.0,-5.0,-119.0,-977.0,21.0
-23.0,-254.0,-10.0,0.0,78.0,-3.0,-113.0,-977.0,21.0
-22.0,-255.0,-8.0,-2.0,79.0,-6.0,-120.0,-978.0,26.0
-23.0,-255.0,-14.0,-4.0,81.0,-4.0,-115.0,-982.0,22.0
-20.0,-253.0,-12.0,-3.0,81.0,-6.0,-117.0,-976.0,24.0
-21.0,-255.0,-15.0,-2.0,82.0,-3.0,-118.0,-986.0,22.0
-24.0,-256.0,-12.0,-4.0,80.0,-6.0,-117.0,-974.0,24.0
-22.0,-254.0,-12.0,-5.0,83.0,-3.0,-114.0,-975.0,19.0
-26.0,-254.0,-12.0,-8.0,82.0,-5.0,-117.0,-978.0,22.0
-24.0,-255.0,-11.0,-8.0,79.0,-3.0,-121.0,-981.0,18.0
-23.0,-253.0,-17.0,-6.0,78.0,-4.0,-114.0,-975.0,18.0
-20.0,-256.0,-15.0,-5.0,79.0,-3.0,-116.0,-972.0,21.0
-21.0,-254.0,-15.0,-3.0,80.0,-3.0,-120.0,-977.0,18.0
-23.0,-254.0,-11.0,0.0,81.0,-4.0,-119.0,-975.0,18.0
-21.0,-253.0,-11.0,4.0,82.0,-6.0,-121.0,-976.0,22.0
-23.0,-256.0,-16.0,7.0,84.0,-6.0,-120.0,-975.0,11.0
-23.0,-253.0,-11.0,7.0,88.0,-7.0,-121.0,-974.0,21.0
-22.0,-256.0,-8.0,10.0,89.0,-7.0,-120.0,-980.0,23.0
-21.0,-256.0,-16.0,12.0,90.0,-8.0,-117.0,-981.0,21.0
-22.0,-252.0,-13.0,13.0,91.0,-6.0,-114.0,-974.0,19.0
-21.0,-256.0,-15.0,14.0,90.0,-6.0,-122.0,-977.0,18.0
-21.0,-253.0,-9.0,15.0,89.0,-5.0,-115.0,-971.0,21.0
-23.0,-254.0,-14.0,15.0,88.0,-5.0,-120.0,-980.0,22.0
-26.0,-252.0,-14.0,14.0,86.0,-3.0,-118.0,-976.0,25.0
-22.0,-253.0,-11.0,13.0,89.0,-4.0,-122.0,-975.0,23.0
-22.0,-253.0,-14.0,11.0,88.0,-4.0,-123.0,-970.0,28.0
-21.0,-254.0,-10.0,8.0,88.0,-5.0,-125.0,-971.0,27.0
-22.0,-253.0,-11.0,7.0,89.0,0.0,-118.0,-976.0,24.0
-26.0,-251.0,-13.0,7.0,87.0,-3.0,-122.0,-969.0,27.0
-23.0,-257.0,-12.0,10.0,87.0,-2.0,-123.0,-973.0,26.0
-20.0,-254.0,-10.0,12.0,87.0,-3.0,-121.0,-984.0,23.0
-22.0,-254.0,-16.0,16.0,87.0,-1.0,-120.0,-970.0,29.0
-23.0,-252.0,-9.0,17.0,87.0,-1.0,-123.0,-975.0,28.0
-25.0,-253.0,-11.0,18.0,87.0,-1.0,-120.0,-983.0,27.0
-23.0,-256.0,-10.0,20.0,88.0,-2.0,-120.0,-974.0,29.0
-21.0,-259.0,-15.0,21.0,88.0,-3.0,-120.0,-975.0,30.0
-23.0,-255.0,-11.0,20.0,88.0,-1.0,-116.0,-974.0,32.0
-21.0,-255.0,-11.0,21.0,87.0,-1.0,-117.0,-972.0,27.0
-23.0,-256.0,-8.0,22.0,87.0,0.0,-114.0,-976.0,34.0
-20.0,-255.0,-8.0,23.0,87.0,2.0,-115.0,-974.0,33.0
-26.0,-253.0,3.0,22.0,85.0,2.0,-118.0,-976.0,29.0
-31.0,-250.0,-10.0,23.0,83.0,2.0,-118.0,-973.0,36.0
-21.0,-254.0,-11.0,24.0,82.0,2.0,-117.0,-975.0,31.0
-22.0,-255.0,-13.0,24.0,81.0,2.0,-117.0,-982.0,31.0
-21.0,-254.0,-11.0,24.0,80.0,2.0,-116.0,-977.0,31.0
-22.0,-255.0,-9.0,22.0,81.0,3.0,-120.0,-976.0,31.0
-24.0,-253.0,-9.0,22.0,80.0,1.0,-122.0,-973.0,36.0
-22.0,-254.0,-9.0,22.0,78.0,3.0,-123.0,-975.0,37.0
-23.0,-255.0,-9.0,20.0,78.0,2.0,-123.0,-972.0,33.0
-25.0,-253.0,-9.0,20.0,78.0,2.0,-120.0,-978.0,36.0
-22.0,-256.0,-10.0,21.0,77.0,3.0,-118.0,-976.0,37.0
-24.0,-253.0,-7.0,19.0,79.0,3.0,-121.0,-977.0,38.0
-23.0,-255.0,-8.0,19.0,77.0,2.0,-122.0,-974.0,37.0
-24.0,-254.0,-8.0,19.0,76.0,2.0,-120.0,-977.0,40.0
-21.0,-255.0,-6.0,18.0,76.0,3.0,-122.0,-976.0,40.0
-20.0,-257.0,-4.0,18.0,76.0,2.0,-120.0,-975.0,36.0
-23.0,-258.0,-7.0,21.0,76.0,3.0,-119.0,-979.0,38.0
-23.0,-255.0,-6.0,21.0,76.0,1.0,-117.0,-974.0,43.0
-23.0,-252.0,-11.0,22.0,76.0,2.0,-116.0,-982.0,37.0
-24.0,-254.0,-5.0,23.0,75.0,2.0,-118.0,-976.0,36.0
-23.0,-254.0,-8.0,24.0,74.0,2.0,-115.0,-974.0,40.0
-21.0,-254.0,-10.0,24.0,74.0,0.0,-111.0,-974.0,41.0
-20.0,-254.0,-10.0,24.0,75.0,1.0,-111.0,-976.0,38.0
-20.0,-257.0,-11.0,22.0,72.0,-1.0,-113.0,-976.0,41.0
-19.0,-255.0,-5.0,24.0,72.0,2.0,-116.0,-977.0,45.0
-22.0,-255.0,-7.0,23.0,74.0,-2.0,-116.0,-975.0,44.0
-21.0,-256.0,-9.0,22.0,73.0,-1.0,-113.0,-974.0,41.0
-19.0,-258.0,-6.0,20.0,74.0,-3.0,-116.0,-975.0,47.0
-22.0,-253.0,-5.0,19.0,75.0,-3.0,-115.0,-974.0,46.0
-23.0,-256.0,-9.0,18.0,75.0,-4.0,-112.0,-975.0,47.0
-20.0,-253.0,-8.0,19.0,74.0,-2.0,-118.0,-974.0,46.0
-22.0,-254.0,-7.0,17.0,72.0,-4.0,-117.0,-972.0,50.0
-23.0,-253.0,-6.0,17.0,72.0,-3.0,-119.0,-977.0,50.0
-23.0,-254.0,-5.0,15.0,70.0,-4.0,-119.0,-979.0,47.0
-22.0,-255.0,-5.0,14.0,67.0,-2.0,-120.0,-975.0,49.0
-23.0,-250.0,-8.0,14.0,65.0,-3.0,-118.0,-976.0,45.0
-21.0,-252.0,-2.0,13.0,63.0,-2.0,-121.0,-979.0,43.0
-24.0,-253.0,-4.0,15.0,62.0,-2.0,-120.0,-981.0,48.0
-22.0,-255.0,-7.0,14.0,58.0,-1.0,-120.0,-977.0,46.0
-23.0,-254.0,-9.0,14.0,57.0,-2.0,-117.0,-977.0,49.0
-21.0,-257.0,-6.0,15.0,55.0,-1.0,-118.0,-976.0,47.0
-24.0,-252.0,-5.0,15.0,54.0,-1.0,-115.0,-974.0,46.0
-22.0,-253.0,-7.0,15.0,52.0,2.0,-120.0,-972.0,55.0
-22.0,-254.0,-2.0,14.0,50.0,0.0,-113.0,-975.0,52.0
-23.0,-255.0,-6.0,14.0,49.0,2.0,-116.0,-973.0,48.0
-23.0,-254.0,-5.0,13.0,46.0,1.0,-118.0,-974.0,53.0
-23.0,-254.0,-5.0,10.0,46.0,1.0,-120.0,-972.0,56.0
-21.0,-254.0,-5.0,9.0,45.0,1.0,-116.0,-973.0,54.0
-22.0,-253.0,-8.0,6.0,44.0,2.0,-113.0,-971.0,52.0
-21.0,-254.0,-6.0,6.0,44.0,1.0,-117.0,-970.0,56.0
-21.0,-255.0,-3.0,6.0,41.0,3.0,-116.0,-974.0,55.0
-24.0,-253.0,-4.0,4.0,40.0,0.0,-116.0,-972.0,51.0
-22.0,-255.0,-3.0,2.0,38.0,3.0,-117.0,-976.0,47.0
-22.0,-255.0,-7.0,2.0,37.0,1.0,-119.0,-974.0,52.0
-23.0,-253.0,-5.0,2.0,35.0,6.0,-119.0,-986.0,56.0
-22.0,-254.0,-6.0,2.0,32.0,5.0,-111.0,-974.0,49.0
-20.0,-255.0,-2.0,1.0,29.0,6.0,-121.0,-972.0,49.0
-22.0,-253.0,-4.0,0.0,28.0,4.0,-113.0,-972.0,51.0
-24.0,-254.0,-4.0,1.0,27.0,6.0,-118.0,-968.0,43.0
-21.0,-256.0,-4.0,-1.0,25.0,4.0,-119.0,-977.0,52.0
-23.0,-256.0,-7.0,1.0,24.0,6.0,-118.0,-977.0,48.0
-23.0,-251.0,-11.0,2.0,21.0,3.0,-115.0,-974.0,50.0
-22.0,-253.0,-6.0,3.0,21.0,6.0,-119.0,-974.0,48.0
-21.0,-253.0,-7.0,3.0,21.0,3.0,-115.0,-979.0,53.0
-23.0,-254.0,-6.0,2.0,20.0,5.0,-118.0,-983.0,51.0
-22.0,-255.0,-5.0,3.0,20.0,2.0,-115.0,-974.0,44.0
-22.0,-255.0,-5.0,5.0,19.0,4.0,-117.0,-977.0,46.0
-22.0,-254.0,-8.0,3.0,19.0,1.0,-117.0,-985.0,48.0
-22.0,-254.0,-5.0,4.0,18.0,4.0,-112.0,-976.0,45.0
-24.0,-255.0,-2.0,6.0,21.0,1.0,-116.0,-976.0,48.0
-22.0,-255.0,-7.0,5.0,20.0,3.0,-112.0,-974.0,49.0
-21.0,-257.0,-10.0,7.0,22.0,0.0,-115.0,-980.0,47.0
-21.0,-255.0,0.0,6.0,23.0,2.0,-114.0,-975.0,46.0
-22.0,-253.0,-7.0,7.0,25.0,-2.0,-117.0,-980.0,46.0
-20.0,-254.0,-9.0,6.0,25.0,-1.0,-110.0,-976.0,46.0
-17.0,-260.0,-8.0,7.0,26.0,-4.0,-112.0,-984.0,47.0
-20.0,-255.0,-6.0,8.0,29.0,-2.0,-111.0,-980.0,48.0
-21.0,-254.0,-5.0,9.0,28.0,-4.0,-115.0,-977.0,45.0
-21.0,-254.0,-7.0,9.0,28.0,-2.0,-109.0,-975.0,50.0
-19.0,-256.0,-7.0,10.0,28.0,-5.0,-111.0,-992.0,47.0
-21.0,-256.0,-8.0,10.0,28.0,-3.0,-112.0,-974.0,48.0
-22.0,-253.0,-9.0,10.0,30.0,-5.0,-113.0,-975.0,41.0
-22.0,-255.0,-4.0,11.0,31.0,-2.0,-115.0,-971.0,43.0
-20.0,-255.0,-8.0,11.0,32.0,-3.0,-112.0,-977.0,44.0
-18.0,-253.0,-5.0,10.0,32.0,0.0,-112.0,-979.0,49.0
-21.0,-252.0,-8.0,11.0,30.0,-2.0,-114.0,-975.0,46.0
-20.0,-256.0,-7.0,8.0,31.0,0.0,-114.0,-979.0,50.0
-21.0,-255.0,-5.0,8.0,32.0,-2.0,-114.0,-983.0,49.0
-18.0,-251.0,-3.0,9.0,33.0,1.0,-114.0,-976.0,48.0
-19.0,-257.0,-4.0,10.0,34.0,0.0,-112.0,-978.0,48.0
-20.0,-254.0,-9.0,10.0,36.0,1.0,-117.0,-973.0,53.0
-20.0,-256.0,-7.0,10.0,36.0,1.0,-114.0,-972.0,48.0
-22.0,-256.0,-7.0,11.0,37.0,2.0,-114.0,-983.0,45.0
-22.0,-256.0,-4.0,10.0,40.0,-2.0,-113.0,-977.0,48.0
-21.0,-255.0,-4.0,10.0,42.0,1.0,-117.0,-976.0,48.0
-22.0,-255.0,-5.0,9.0,45.0,-1.0,-117.0,-976.0,53.0
-22.0,-254.0,-5.0,11.0,45.0,2.0,-118.0,-976.0,43.0
-24.0,-253.0,-5.0,11.0,45.0,-2.0,-117.0,-976.0,45.0
-22.0,-258.0,-11.0,11.0,46.0,1.0,-114.0,-974.0,45.0
-23.0,-254.0,-5.0,11.0,46.0,-1.0,-117.0,-976.0,46.0
-22.0,-252.0,-6.0,13.0,46.0,2.0,-116.0,-977.0,46.0
-21.0,-254.0,-4.0,12.0,45.0,0.0,-114.0,-974.0,47.0
-22.0,-254.0,-6.0,11.0,44.0,3.0,-114.0,-975.0,47.0
-22.0,-253.0,-11.0,11.0,44.0,0.0,-119.0,-974.0,47.0
-20.0,-252.0,-5.0,11.0,47.0,1.0,-116.0,-971.0,54.0
-23.0,-253.0,-6.0,11.0,49.0,-3.0,-113.0,-974.0,48.0
-23.0,-254.0,-8.0,11.0,51.0,-1.0,-123.0,-975.0,50.0
-24.0,-256.0,-5.0,8.0,51.0,-4.0,-119.0,-970.0,48.0
-21.0,-254.0,-7.0,9.0,53.0,-2.0,-115.0,-977.0,45.0
-21.0,-254.0,-5.0,9.0,55.0,-4.0,-116.0,-974.0,48.0
-21.0,-254.0,-4.0,10.0,54.0,0.0,-113.0,-986.0,48.0
-23.0,-253.0,-6.0,11.0,52.0,-2.0,-117.0,-978.0,43.0
-22.0,-254.0,-9.0,12.0,53.0,1.0,-117.0,-980.0,45.0
-21.0,-254.0,-7.0,14.0,53.0,-2.0,-114.0,-978.0,49.0
-20.0,-256.0,-5.0,14.0,54.0,1.0,-116.0,-986.0,50.0
-26.0,-252.0,-2.0,13.0,56.0,-3.0,-118.0,-972.0,51.0
-23.0,-255.0,-6.0,12.0,57.0,0.0,-116.0,-972.0,46.0
-22.0,-254.0,-7.0,10.0,59.0,-2.0,-120.0,-975.0,48.0
-20.0,-256.0,-7.0,9.0,62.0,1.0,-119.0,-974.0,46.0
-22.0,-255.0,-9.0,9.0,63.0,-2.0,-121.0,-974.0,49.0
-21.0,-256.0,-3.0,10.0,65.0,-1.0,-117.0,-972.0,49.0
-20.0,-255.0,-3.0,10.0,65.0,-3.0,-124.0,-975.0,48.0
-21.0,-256.0,-5.0,10.0,65.0,-2.0,-121.0,-980.0,49.0
-21.0,-255.0,-4.0,12.0,67.0,-2.0,-120.0,-978.0,49.0
-22.0,-256.0,-8.0,13.0,66.0,-2.0,-124.0,-977.0,51.0
-23.0,-258.0,-2.0,12.0,68.0,-4.0,-117.0,-987.0,49.0
-23.0,-256.0,-7.0,13.0,65.0,-2.0,-123.0,-984.0,48.0
-22.0,-256.0,-7.0,14.0,63.0,-5.0,-123.0,-979.0,50.0
-23.0,-256.0,-6.0,16.0,63.0,-2.0,-122.0,-979.0,53.0
-22.0,-253.0,-5.0,16.0,62.0,-2.0,-118.0,-974.0,53.0
-22.0,-255.0,-5.0,18.0,59.0,-1.0,-119.0,-978.0,56.0
-21.0,-256.0,-2.0,21.0,57.0,-2.0,-120.0,-974.0,53.0
-24.0,-254.0,-3.0,24.0,55.0,0.0,-119.0,-974.0,54.0
-23.0,-253.0,-4.0,25.0,53.0,-1.0,-111.0,-973.0,57.0
-20.0,-258.0,-3.0,26.0,52.0,0.0,-113.0,-980.0,54.0
-25.0,-253.0,-3.0,27.0,51.0,-1.0,-113.0,-980.0,59.0
-21.0,-257.0,-5.0,28.0,50.0,-1.0,-114.0,-986.0,50.0
-20.0,-257.0,-6.0,27.0,50.0,-2.0,-113.0,-989.0,57.0
-21.0,-254.0,-5.0,28.0,50.0,0.0,-115.0,-986.0,55.0
-18.0,-254.0,-3.0,27.0,50.0,-2.0,-114.0,-978.0,57.0
-21.0,-262.0,-2.0,27.0,50.0,0.0,-117.0,-978.0,57.0
-23.0,-256.0,-3.0,26.0,50.0,0.0,-119.0,-978.0,61.0
-20.0,-255.0,-1.0,28.0,52.0,1.0,-121.0,-975.0,61.0
-25.0,-255.0,-1.0,28.0,51.0,0.0,-117.0,-970.0,58.0
-21.0,-256.0,-2.0,28.0,52.0,3.0,-123.0,-977.0,63.0
-24.0,-254.0,-4.0,31.0,51.0,1.0,-116.0,-982.0,60.0
-22.0,-254.0,-5.0,33.0,50.0,4.0,-116.0,-973.0,59.0
-24.0,-253.0,-2.0,32.0,52.0,2.0,-117.0,-976.0,65.0
-21.0,-253.0,0.0,33.0,51.0,4.0,-118.0,-969.0,64.0
-24.0,-254.0,-2.0,34.0,51.0,2.0,-117.0,-973.0,60.0
-22.0,-252.0,0.0,34.0,52.0,2.0,-112.0,-973.0,68.0
-21.0,-254.0,0.0,33.0,50.0,4.0,-116.0,-978.0,71.0
-21.0,-255.0,0.0,33.0,49.0,4.0,-118.0,-971.0,71.0
-21.0,-254.0,3.0,32.0,51.0,4.0,-118.0,-970.0,67.0
-20.0,-253.0,-1.0,32.0,50.0,6.0,-116.0,-969.0,67.0
-21.0,-252.0,-6.0,30.0,51.0,4.0,-115.0,-971.0,72.0
-20.0,-252.0,1.0,29.0,52.0,4.0,-114.0,-964.0,69.0
-22.0,-253.0,5.0,27.0,52.0,3.0,-116.0,-970.0,71.0
-23.0,-250.0,1.0,26.0,53.0,3.0,-119.0,-966.0,72.0
-22.0,-251.0,-3.0,25.0,53.0,3.0,-116.0,-969.0,68.0
-26.0,-253.0,0.0,25.0,52.0,3.0,-111.0,-969.0,74.0
-21.0,-254.0,3.0,23.0,52.0,2.0,-112.0,-965.0,73.0
-20.0,-252.0,-5.0,23.0,52.0,1.0,-112.0,-972.0,73.0
-24.0,-255.0,-1.0,22.0,51.0,2.0,-111.0,-971.0,73.0
-22.0,-253.0,0.0,22.0,52.0,2.0,-115.0,-970.0,75.0
-23.0,-255.0,6.0,21.0,50.0,1.0,-117.0,-975.0,73.0
-23.0,-253.0,2.0,21.0,49.0,1.0,-117.0,-974.0,74.0
-21.0,-254.0,-1.0,21.0,50.0,1.0,-117.0,-974.0,69.0
-21.0,-254.0,-1.0,20.0,48.0,1.0,-114.0,-968.0,70.0
-23.0,-253.0,2.0,19.0,47.0,-1.0,-116.0,-974.0,66.0
-24.0,-252.0,-3.0,19.0,47.0,-1.0,-110.0,-971.0,71.0
-20.0,-253.0,1.0,17.0,47.0,0.0,-118.0,-972.0,72.0
-20.0,-254.0,-2.0,15.0,48.0,0.0,-116.0,-976.0,71.0
-20.0,-256.0,0.0,14.0,48.0,0.0,-117.0,-972.0,70.0
-23.0,-253.0,-1.0,14.0,50.0,-1.0,-116.0,-976.0,69.0
-22.0,-254.0,4.0,14.0,51.0,-1.0,-112.0,-976.0,71.0
-22.0,-255.0,1.0,14.0,53.0,-2.0,-120.0,-977.0,72.0
-18.0,-254.0,-3.0,13.0,55.0,-2.0,-118.0,-976.0,70.0
-21.0,-254.0,0.0,14.0,56.0,-4.0,-115.0,-974.0,73.0
-20.0,-252.0,-3.0,15.0,57.0,-2.0,-120.0,-977.0,76.0
-22.0,-255.0,3.0,14.0,56.0,-4.0,-114.0,-973.0,76.0
-23.0,-255.0,1.0,16.0,57.0,-4.0,-117.0,-976.0,71.0
-21.0,-255.0,4.0,16.0,56.0,-4.0,-114.0,-972.0,73.0
-17.0,-257.0,-3.0,14.0,53.0,-5.0,-116.0,-972.0,71.0
-25.0,-254.0,4.0,15.0,52.0,-6.0,-116.0,-972.0,72.0
-19.0,-253.0,0.0,14.0,52.0,-4.0,-110.0,-972.0,70.0
-22.0,-254.0,-1.0,14.0,49.0,-3.0,-118.0,-977.0,72.0
-22.0,-252.0,2.0,12.0,48.0,-2.0,-120.0,-974.0,71.0
-22.0,-251.0,2.0,11.0,48.0,-3.0,-113.0,-972.0,70.0
-23.0,-254.0,-1.0,11.0,50.0,-3.0,-114.0,-972.0,73.0
-23.0,-251.0,3.0,11.0,49.0,-3.0,-117.0,-971.0,72.0
-18.0,-254.0,-1.0,11.0,49.0,-2.0,-111.0,-981.0,70.0
-23.0,-253.0,-5.0,9.0,51.0,-6.0,-111.0,-973.0,69.0
-22.0,-254.0,3.0,10.0,52.0,-4.0,-115.0,-973.0,68.0
-23.0,-254.0,1.0,9.0,54.0,-5.0,-112.0,-974.0,71.0
-21.0,-254.0,2.0,10.0,55.0,-6.0,-114.0,-974.0,72.0
-22.0,-254.0,3.0,8.0,56.0,-6.0,-114.0,-974.0,75.0
-21.0,-253.0,1.0,8.0,58.0,-6.0,-112.0,-972.0,73.0
-22.0,-254.0,-2.0,8.0,57.0,-9.0,-114.0,-972.0,73.0
-22.0,-252.0,1.0,8.0,58.0,-7.0,-119.0,-976.0,72.0
-21.0,-256.0,2.0,6.0,58.0,-7.0,-122.0,-971.0,73.0
-22.0,-253.0,7.0,6.0,57.0,-5.0,-117.0,-974.0,75.0
-24.0,-255.0,0.0,5.0,57.0,-7.0,-119.0,-972.0,73.0
-21.0,-254.0,2.0,4.0,57.0,-6.0,-117.0,-974.0,75.0
-20.0,-252.0,-2.0,3.0,55.0,-8.0,-118.0,-967.0,73.0
-23.0,-253.0,-1.0,1.0,54.0,-7.0,-118.0,-972.0,76.0
-20.0,-250.0,-1.0,1.0,54.0,-9.0,-117.0,-971.0,70.0
-21.0,-255.0,5.0,1.0,51.0,-8.0,-117.0,-973.0,74.0
-21.0,-252.0,2.0,0.0,51.0,-10.0,-115.0,-973.0,73.0
-23.0,-255.0,2.0,-2.0,50.0,-8.0,-114.0,-969.0,77.0
-21.0,-257.0,3.0,0.0,50.0,-12.0,-118.0,-968.0,73.0
-20.0,-254.0,-2.0,0.0,49.0,-10.0,-117.0,-974.0,74.0
-20.0,-253.0,-2.0,0.0,49.0,-11.0,-116.0,-976.0,75.0
-24.0,-254.0,0.0,-1.0,48.0,-10.0,-115.0,-974.0,72.0
-23.0,-255.0,4.0,-1.0,46.0,-10.0,-109.0,-973.0,66.0
-22.0,-253.0,-1.0,-1.0,46.0,-7.0,-110.0,-972.0,72.0
-25.0,-254.0,0.0,-2.0,44.0,-9.0,-117.0,-972.0,72.0
-19.0,-255.0,0.0,-2.0,43.0,-6.0,-114.0,-973.0,74.0
-19.0,-257.0,3.0,0.0,43.0,-7.0,-118.0,-973.0,72.0
-20.0,-255.0,4.0,0.0,41.0,-3.0,-112.0,-971.0,73.0
-23.0,-255.0,6.0,0.0,43.0,-4.0,-117.0,-984.0,73.0
-21.0,-256.0,1.0,2.0,43.0,-2.0,-116.0,-976.0,68.0
-21.0,-257.0,4.0,2.0,44.0,-3.0,-114.0,-976.0,73.0
-21.0,-257.0,2.0,3.0,44.0,-1.0,-118.0,-975.0,72.0
-21.0,-255.0,7.0,3.0,45.0,-3.0,-118.0,-976.0,72.0
-23.0,-254.0,5.0,4.0,46.0,-2.0,-115.0,-975.0,72.0
-18.0,-256.0,6.0,5.0,47.0,-5.0,-114.0,-976.0,73.0
-19.0,-254.0,5.0,5.0,48.0,-3.0,-117.0,-971.0,75.0
-20.0,-252.0,2.0,5.0,51.0,-5.0,-114.0,-967.0,76.0
-18.0,-256.0,1.0,6.0,52.0,-5.0,-113.0,-976.0,77.0
-22.0,-255.0,2.0,6.0,53.0,-7.0,-111.0,-974.0,76.0
-20.0,-253.0,-1.0,7.0,51.0,-4.0,-109.0,-974.0,79.0
-21.0,-253.0,1.0,9.0,52.0,-7.0,-111.0,-974.0,71.0
-22.0,-253.0,-1.0,9.0,52.0,-4.0,-110.0,-974.0,75.0
-20.0,-253.0,2.0,9.0,51.0,-6.0,-112.0,-968.0,71.0
-21.0,-253.0,1.0,9.0,50.0,-3.0,-107.0,-974.0,72.0
-19.0,-254.0,0.0,10.0,52.0,-4.0,-111.0,-982.0,73.0
-23.0,-254.0,2.0,9.0,53.0,-2.0,-111.0,-972.0,71.0
-23.0,-253.0,5.0,9.0,53.0,-5.0,-113.0,-971.0,75.0
-24.0,-253.0,0.0,8.0,55.0,-4.0,-116.0,-968.0,77.0
-22.0,-252.0,-4.0,8.0,60.0,-7.0,-112.0,-970.0,75.0
-20.0,-253.0,6.0,7.0,63.0,-5.0,-113.0,-970.0,75.0
-21.0,-251.0,5.0,6.0,65.0,-9.0,-117.0,-970.0,74.0
-21.0,-254.0,1.0,4.0,67.0,-8.0,-113.0,-970.0,80.0
-18.0,-255.0,0.0,3.0,69.0,-11.0,-116.0,-973.0,78.0
-22.0,-256.0,4.0,5.0,68.0,-7.0,-115.0,-982.0,72.0
-20.0,-254.0,2.0,5.0,64.0,-8.0,-113.0,-986.0,70.0
-23.0,-256.0,4.0,4.0,62.0,-4.0,-111.0,-980.0,67.0
-19.0,-255.0,-2.0,4.0,62.0,-7.0,-115.0,-989.0,73.0
-19.0,-255.0,-1.0,6.0,60.0,-2.0,-114.0,-977.0,71.0
-19.0,-256.0,4.0,3.0,62.0,-6.0,-110.0,-974.0,70.0
-20.0,-255.0,-3.0,1.0,63.0,-3.0,-112.0,-974.0,74.0
-23.0,-255.0,-2.0,0.0,63.0,-5.0,-113.0,-978.0,65.0
-22.0,-254.0,-2.0,-1.0,64.0,-2.0,-113.0,-970.0,68.0
-21.0,-255.0,0.0,0.0,66.0,-5.0,-113.0,-972.0,67.0
-19.0,-255.0,2.0,6.0,69.0,-4.0,-115.0,-971.0,68.0
-18.0,-255.0,-4.0,7.0,72.0,-5.0,-109.0,-977.0,66.0
-20.0,-255.0,0.0,9.0,74.0,-4.0,-114.0,-976.0,66.0
-21.0,-255.0,-1.0,9.0,76.0,-8.0,-115.0,-982.0,65.0
-20.0,-254.0,1.0,10.0,77.0,-6.0,-110.0,-977.0,68.0
-21.0,-257.0,-2.0,10.0,78.0,-9.0,-114.0,-987.0,63.0
-20.0,-256.0,1.0,10.0,78.0,-8.0,-116.0,-976.0,67.0
-22.0,-256.0,0.0,9.0,77.0,-10.0,-116.0,-979.0,68.0
-21.0,-256.0,1.0,8.0,77.0,-7.0,-112.0,-977.0,67.0
-21.0,-257.0,-7.0,8.0,76.0,-9.0,-114.0,-977.0,69.0
-24.0,-251.0,-1.0,8.0,74.0,-6.0,-114.0,-979.0,65.0
-23.0,-254.0,-1.0,9.0,73.0,-7.0,-113.0,-975.0,69.0
-20.0,-255.0,1.0,11.0,72.0,-4.0,-119.0,-975.0,61.0
-22.0,-253.0,-2.0,13.0,72.0,-6.0,-115.0,-975.0,67.0
-22.0,-255.0,2.0,15.0,73.0,-4.0,-116.0,-974.0,64.0
-22.0,-257.0,-2.0,17.0,72.0,-8.0,-118.0,-979.0,66.0
-21.0,-258.0,-4.0,18.0,72.0,-7.0,-120.0,-977.0,66.0
-23.0,-254.0,2.0,18.0,74.0,-10.0,-114.0,-980.0,65.0
-22.0,-255.0,-5.0,18.0,75.0,-10.0,-115.0,-987.0,62.0
-19.0,-256.0,-3.0,18.0,76.0,-12.0,-116.0,-979.0,61.0
-24.0,-254.0,-1.0,19.0,77.0,-12.0,-119.0,-977.0,64.0
-20.0,-258.0,-2.0,20.0,77.0,-16.0,-113.0,-981.0,63.0
-22.0,-254.0,-1.0,19.0,78.0,-14.0,-124.0,-979.0,62.0
-20.0,-256.0,-1.0,19.0,77.0,-18.0,-119.0,-972.0,64.0
-23.0,-255.0,-2.0,21.0,78.0,-15.0,-116.0,-985.0,67.0
-21.0,-258.0,1.0,21.0,78.0,-18.0,-120.0,-992.0,65.0
-22.0,-256.0,-5.0,24.0,78.0,-15.0,-117.0,-979.0,61.0
-23.0,-254.0,-6.0,25.0,78.0,-16.0,-118.0,-977.0,63.0
-22.0,-255.0,0.0,27.0,78.0,-15.0,-115.0,-979.0,65.0
-22.0,-256.0,0.0,28.0,77.0,-17.0,-113.0,-980.0,58.0
-23.0,-256.0,-5.0,28.0,76.0,-15.0,-114.0,-979.0,61.0
-21.0,-258.0,3.0,27.0,75.0,-18.0,-115.0,-977.0,59.0
-21.0,-257.0,-1.0,28.0,75.0,-14.0,-112.0,-975.0,63.0
-22.0,-256.0,-4.0,27.0,74.0,-17.0,-113.0,-976.0,58.0
-21.0,-256.0,-1.0,27.0,74.0,-14.0,-115.0,-979.0,60.0
-19.0,-255.0,-4.0,28.0,74.0,-15.0,-114.0,-977.0,66.0
-19.0,-254.0,-1.0,29.0,75.0,-14.0,-111.0,-977.0,64.0
-21.0,-256.0,0.0,30.0,77.0,-16.0,-118.0,-974.0,62.0
-20.0,-256.0,-3.0,29.0,79.0,-16.0,-111.0,-980.0,60.0
-22.0,-253.0,-3.0,26.0,81.0,-18.0,-109.0,-982.0,61.0
-20.0,-256.0,-3.0,25.0,82.0,-17.0,-112.0,-987.0,66.0
-22.0,-259.0,-1.0,26.0,85.0,-21.0,-114.0,-980.0,64.0
-20.0,-257.0,-5.0,25.0,87.0,-18.0,-111.0,-984.0,63.0
-21.0,-257.0,-4.0,25.0,87.0,-22.0,-116.0,-982.0,61.0
-22.0,-255.0,-3.0,25.0,89.0,-22.0,-114.0,-984.0,59.0
-17.0,-256.0,-3.0,23.0,89.0,-25.0,-116.0,-988.0,59.0
-20.0,-255.0,-4.0,21.0,88.0,-26.0,-114.0,-987.0,57.0
-21.0,-253.0,-6.0,21.0,88.0,-27.0,-113.0,-979.0,58.0
-23.0,-253.0,-5.0,21.0,88.0,-27.0,-110.0,-979.0,57.0
-20.0,-255.0,-6.0,22.0,87.0,-29.0,-111.0,-995.0,59.0
-21.0,-254.0,-3.0,20.0,87.0,-28.0,-108.0,-980.0,55.0
-20.0,-255.0,-2.0,18.0,89.0,-32.0,-113.0,-985.0,56.0
-18.0,-258.0,-1.0,18.0,92.0,-30.0,-109.0,-986.0,56.0
-18.0,-258.0,-4.0,18.0,93.0,-32.0,-110.0,-993.0,53.0
-14.0,-259.0,-6.0,19.0,96.0,-32.0,-107.0,-993.0,57.0
-19.0,-259.0,-2.0,20.0,99.0,-34.0,-109.0,-996.0,51.0
-19.0,-258.0,-6.0,21.0,98.0,-36.0,-107.0,-1005.0,53.0
-21.0,-261.0,-4.0,19.0,102.0,-39.0,-105.0,-1001.0,48.0
-13.0,-260.0,-6.0,16.0,104.0,-40.0,-103.0,-1008.0,46.0
-18.0,-260.0,-6.0,15.0,105.0,-44.0,-105.0,-1002.0,48.0
-18.0,-258.0,-7.0,10.0,108.0,-44.0,-106.0,-1007.0,49.0
-19.0,-257.0,-5.0,4.0,110.0,-46.0,-102.0,-1002.0,52.0
-19.0,-255.0,-4.0,0.0,114.0,-47.0,-101.0,-992.0,56.0
-15.0,-254.0,-6.0,-7.0,119.0,-49.0,-105.0,-983.0,56.0
-16.0,-252.0,-2.0,-8.0,124.0,-50.0,-102.0,-968.0,56.0
-16.0,-251.0,-4.0,-12.0,130.0,-51.0,-101.0,-965.0,66.0
-13.0,-250.0,-6.0,-14.0,137.0,-51.0,-99.0,-957.0,64.0
-14.0,-249.0,-3.0,-13.0,143.0,-53.0,-91.0,-953.0,69.0
-12.0,-250.0,-1.0,-15.0,148.0,-53.0,-94.0,-952.0,69.0
-13.0,-248.0,3.0,-20.0,157.0,-53.0,-94.0,-954.0,72.0
-13.0,-248.0,4.0,-25.0,166.0,-54.0,-94.0,-948.0,71.0
-15.0,-246.0,0.0,-30.0,170.0,-55.0,-90.0,-947.0,73.0
-13.0,-247.0,-1.0,-35.0,176.0,-55.0,-91.0,-950.0,76.0
-18.0,-245.0,1.0,-45.0,182.0,-57.0,-92.0,-944.0,73.0
-14.0,-244.0,1.0,-53.0,187.0,-58.0,-92.0,-949.0,69.0
-12.0,-247.0,3.0,-64.0,187.0,-60.0,-92.0,-947.0,65.0
-14.0,-246.0,0.0,-74.0,189.0,-61.0,-94.0,-942.0,67.0
-15.0,-244.0,0.0,-82.0,190.0,-62.0,-91.0,-945.0,65.0
-13.0,-244.0,2.0,-92.0,192.0,-63.0,-95.0,-945.0,66.0
-15.0,-246.0,-3.0,-99.0,192.0,-63.0,-90.0,-945.0,66.0
-17.0,-247.0,1.0,-106.0,196.0,-62.0,-96.0,-949.0,58.0
-16.0,-246.0,-4.0,-111.0,199.0,-62.0,-97.0,-949.0,62.0
-13.0,-244.0,-2.0,-118.0,201.0,-61.0,-98.0,-940.0,61.0
-15.0,-244.0,1.0,-127.0,205.0,-59.0,-96.0,-941.0,67.0
-18.0,-241.0,-1.0,-132.0,211.0,-58.0,-98.0,-932.0,70.0
-17.0,-239.0,-2.0,-136.0,216.0,-55.0,-98.0,-929.0,74.0
-18.0,-242.0,6.0,-137.0,220.0,-52.0,-99.0,-927.0,85.0
-18.0,-244.0,2.0,-135.0,222.0,-46.0,-103.0,-921.0,80.0
-20.0,-241.0,7.0,-133.0,224.0,-41.0,-101.0,-922.0,88.0
-15.0,-245.0,6.0,-123.0,224.0,-36.0,-103.0,-931.0,92.0
-22.0,-244.0,9.0,-118.0,223.0,-31.0,-101.0,-934.0,94.0
-20.0,-246.0,9.0,-111.0,219.0,-26.0,-109.0,-946.0,96.0
-23.0,-247.0,6.0,-106.0,214.0,-21.0,-113.0,-951.0,102.0
-24.0,-248.0,9.0,-103.0,206.0,-14.0,-114.0,-956.0,101.0
-23.0,-251.0,7.0,-101.0,196.0,-7.0,-120.0,-964.0,100.0
-23.0,-253.0,8.0,-101.0,188.0,-2.0,-122.0,-967.0,92.0
-25.0,-255.0,6.0,-101.0,177.0,2.0,-123.0,-972.0,91.0
-24.0,-253.0,3.0,-100.0,170.0,6.0,-124.0,-974.0,89.0
-25.0,-254.0,8.0,-97.0,158.0,11.0,-121.0,-979.0,83.0
-25.0,-254.0,4.0,-96.0,150.0,15.0,-118.0,-992.0,80.0
-20.0,-257.0,2.0,-92.0,143.0,18.0,-122.0,-985.0,75.0
-23.0,-257.0,2.0,-89.0,136.0,22.0,-121.0,-989.0,73.0
-16.0,-260.0,1.0,-82.0,130.0,22.0,-119.0,-1000.0,74.0
-24.0,-259.0,1.0,-74.0,123.0,26.0,-118.0,-1005.0,71.0
-20.0,-259.0,-2.0,-68.0,121.0,25.0,-116.0,-1004.0,72.0
-21.0,-258.0,0.0,-65.0,119.0,26.0,-110.0,-999.0,71.0
-19.0,-256.0,0.0,-63.0,122.0,21.0,-110.0,-982.0,77.0
-22.0,-254.0,1.0,-64.0,128.0,19.0,-108.0,-975.0,77.0
-18.0,-252.0,8.0,-63.0,136.0,15.0,-108.0,-968.0,91.0
-21.0,-249.0,8.0,-58.0,145.0,11.0,-108.0,-957.0,92.0
-17.0,-249.0,7.0,-57.0,150.0,4.0,-104.0,-953.0,94.0
-18.0,-246.0,8.0,-55.0,158.0,2.0,-101.0,-947.0,100.0
-18.0,-247.0,8.0,-59.0,166.0,-4.0,-100.0,-947.0,99.0
-20.0,-244.0,5.0,-67.0,176.0,-8.0,-103.0,-949.0,105.0
-15.0,-248.0,8.0,-78.0,185.0,-15.0,-106.0,-949.0,106.0
-17.0,-245.0,9.0,-90.0,193.0,-18.0,-101.0,-946.0,107.0
-16.0,-247.0,10.0,-104.0,201.0,-24.0,-99.0,-950.0,108.0
-15.0,-247.0,12.0,-118.0,205.0,-30.0,-103.0,-943.0,108.0
-16.0,-248.0,8.0,-133.0,210.0,-34.0,-104.0,-945.0,108.0
-19.0,-246.0,10.0,-145.0,213.0,-37.0,-103.0,-950.0,97.0
-18.0,-248.0,7.0,-155.0,217.0,-42.0,-107.0,-958.0,98.0
-19.0,-252.0,8.0,-164.0,218.0,-44.0,-106.0,-962.0,91.0
-19.0,-251.0,4.0,-173.0,216.0,-48.0,-107.0,-962.0,90.0
-19.0,-252.0,7.0,-183.0,218.0,-51.0,-107.0,-972.0,88.0
-21.0,-257.0,1.0,-188.0,218.0,-55.0,-108.0,-974.0,81.0
-21.0,-253.0,3.0,-190.0,219.0,-55.0,-110.0,-977.0,82.0
-19.0,-257.0,6.0,-186.0,219.0,-60.0,-108.0,-979.0,83.0
-21.0,-259.0,2.0,-181.0,218.0,-60.0,-111.0,-988.0,74.0
-20.0,-259.0,1.0,-175.0,219.0,-63.0,-111.0,-992.0,71.0
-17.0,-260.0,-1.0,-171.0,221.0,-63.0,-108.0,-986.0,67.0
-18.0,-260.0,-1.0,-166.0,221.0,-64.0,-111.0,-998.0,63.0
-17.0,-256.0,-5.0,-164.0,223.0,-61.0,-107.0,-999.0,59.0
-16.0,-258.0,-5.0,-163.0,222.0,-63.0,-103.0,-995.0,58.0
-16.0,-258.0,-8.0,-163.0,220.0,-60.0,-106.0,-990.0,52.0
-15.0,-258.0,-3.0,-161.0,219.0,-63.0,-103.0,-984.0,58.0
-15.0,-256.0,-7.0,-156.0,218.0,-59.0,-99.0,-986.0,56.0
-14.0,-255.0,-5.0,-151.0,219.0,-64.0,-97.0,-994.0,61.0
-14.0,-255.0,-5.0,-144.0,218.0,-63.0,-97.0,-990.0,60.0
-12.0,-258.0,-4.0,-133.0,219.0,-67.0,-89.0,-980.0,60.0
-13.0,-256.0,-3.0,-124.0,220.0,-65.0,-91.0,-985.0,62.0
-13.0,-255.0,-5.0,-113.0,221.0,-66.0,-84.0,-980.0,61.0
-13.0,-255.0,-3.0,-104.0,223.0,-64.0,-90.0,-991.0,52.0
-12.0,-258.0,-6.0,-100.0,225.0,-65.0,-89.0,-972.0,56.0
-16.0,-254.0,-7.0,-99.0,226.0,-63.0,-89.0,-975.0,42.0
-12.0,-253.0,-6.0,-100.0,230.0,-64.0,-95.0,-969.0,46.0
-15.0,-254.0,-10.0,-103.0,234.0,-63.0,-94.0,-971.0,40.0
-15.0,-248.0,-8.0,-108.0,238.0,-66.0,-92.0,-962.0,36.0
-15.0,-249.0,-10.0,-112.0,242.0,-63.0,-93.0,-952.0,34.0
-9.0,-242.0,-23.0,-120.0,244.0,-62.0,-88.0,-950.0,35.0
-15.0,-247.0,-1.0,-126.0,242.0,-58.0,-93.0,-944.0,32.0
-7.0,-245.0,-11.0,-131.0,243.0,-56.0,-86.0,-935.0,28.0
-13.0,-243.0,-16.0,-136.0,242.0,-51.0,-85.0,-942.0,31.0
-20.0,-247.0,-9.0,-139.0,243.0,-50.0,-79.0,-932.0,30.0
-11.0,-241.0,-15.0,-144.0,240.0,-45.0,-78.0,-934.0,32.0
-12.0,-242.0,-12.0,-150.0,238.0,-46.0,-80.0,-940.0,27.0
-11.0,-244.0,-11.0,-155.0,238.0,-44.0,-83.0,-944.0,27.0
-14.0,-248.0,-11.0,-162.0,238.0,-48.0,-80.0,-946.0,33.0
-17.0,-246.0,-11.0,-165.0,235.0,-48.0,-92.0,-950.0,31.0
-17.0,-248.0,-13.0,-168.0,234.0,-53.0,-90.0,-951.0,34.0
-17.0,-251.0,-13.0,-169.0,233.0,-53.0,-97.0,-963.0,30.0
-16.0,-253.0,-13.0,-169.0,233.0,-58.0,-95.0,-961.0,23.0
-17.0,-251.0,-15.0,-166.0,233.0,-56.0,-102.0,-956.0,17.0
-18.0,-253.0,-12.0,-165.0,233.0,-60.0,-103.0,-966.0,15.0
-21.0,-250.0,-18.0,-165.0,231.0,-59.0,-100.0,-969.0,10.0
-21.0,-254.0,-17.0,-167.0,227.0,-60.0,-102.0,-964.0,5.0
-15.0,-248.0,-17.0,-172.0,222.0,-57.0,-99.0,-958.0,6.0
-12.0,-248.0,-19.0,-177.0,218.0,-57.0,-99.0,-953.0,3.0
-15.0,-247.0,-20.0,-179.0,211.0,-53.0,-96.0,-935.0,6.0
-14.0,-246.0,-18.0,-183.0,205.0,-52.0,-97.0,-944.0,6.0
-14.0,-245.0,-17.0,-184.0,200.0,-49.0,-98.0,-931.0,4.0
-16.0,-241.0,-17.0,-186.0,193.0,-50.0,-96.0,-938.0,0.0
-18.0,-244.0,-14.0,-186.0,190.0,-45.0,-100.0,-929.0,0.0
-14.0,-243.0,-19.0,-186.0,188.0,-45.0,-95.0,-936.0,2.0
-14.0,-243.0,-19.0,-186.0,187.0,-40.0,-94.0,-935.0,1.0
-19.0,-243.0,-21.0,-190.0,184.0,-42.0,-98.0,-933.0,-5.0
-16.0,-245.0,-17.0,-197.0,180.0,-39.0,-97.0,-934.0,-8.0
-20.0,-241.0,-22.0,-204.0,179.0,-41.0,-99.0,-930.0,-9.0
-14.0,-243.0,-25.0,-214.0,176.0,-41.0,-99.0,-928.0,-13.0
-13.0,-242.0,-23.0,-223.0,172.0,-46.0,-104.0,-930.0,-14.0
-13.0,-240.0,-19.0,-239.0,170.0,-45.0,-99.0,-927.0,-21.0
-14.0,-239.0,-25.0,-255.0,165.0,-47.0,-98.0,-927.0,-35.0
-15.0,-237.0,-26.0,-275.0,162.0,-46.0,-95.0,-918.0,-33.0
-19.0,-237.0,-25.0,-297.0,158.0,-49.0,-95.0,-912.0,-37.0
-16.0,-233.0,-28.0,-315.0,152.0,-45.0,-99.0,-907.0,-46.0
-15.0,-232.0,-31.0,-333.0,144.0,-46.0,-93.0,-905.0,-50.0
-15.0,-232.0,-32.0,-353.0,139.0,-42.0,-94.0,-896.0,-50.0
-15.0,-231.0,-32.0,-362.0,133.0,-41.0,-94.0,-897.0,-55.0
-16.0,-229.0,-32.0,-374.0,129.0,-36.0,-93.0,-889.0,-62.0
-14.0,-229.0,-34.0,-383.0,123.0,-36.0,-91.0,-893.0,-62.0
-13.0,-231.0,-36.0,-394.0,119.0,-31.0,-87.0,-890.0,-63.0
-12.0,-231.0,-31.0,-404.0,113.0,-31.0,-84.0,-893.0,-55.0
-12.0,-236.0,-31.0,-408.0,109.0,-29.0,-83.0,-894.0,-58.0
-14.0,-232.0,-36.0,-413.0,107.0,-30.0,-82.0,-903.0,-57.0
-13.0,-237.0,-34.0,-417.0,102.0,-30.0,-89.0,-908.0,-48.0
-14.0,-239.0,-33.0,-418.0,97.0,-34.0,-84.0,-920.0,-49.0
-12.0,-244.0,-31.0,-416.0,90.0,-36.0,-94.0,-930.0,-52.0
-18.0,-243.0,-40.0,-415.0,79.0,-42.0,-100.0,-943.0,-61.0
-20.0,-249.0,-37.0,-413.0,70.0,-42.0,-107.0,-953.0,-65.0
-22.0,-250.0,-39.0,-410.0,61.0,-47.0,-113.0,-956.0,-67.0
-22.0,-250.0,-37.0,-407.0,50.0,-47.0,-118.0,-961.0,-83.0
-26.0,-244.0,-42.0,-409.0,38.0,-54.0,-125.0,-952.0,-100.0
-26.0,-247.0,-47.0,-420.0,22.0,-57.0,-129.0,-952.0,-108.0
-23.0,-253.0,-44.0,-433.0,9.0,-53.0,-127.0,-958.0,-118.0
-22.0,-257.0,-48.0,-441.0,1.0,-42.0,-121.0,-977.0,-117.0
-20.0,-256.0,-46.0,-435.0,-1.0,-43.0,-108.0,-976.0,-107.0
-18.0,-257.0,-48.0,-419.0,3.0,-47.0,-109.0,-974.0,-112.0
-12.0,-257.0,-46.0,-398.0,15.0,-53.0,-93.0,-981.0,-123.0
-11.0,-259.0,-46.0,-389.0,35.0,-59.0,-86.0,-999.0,-98.0
-14.0,-256.0,-44.0,-379.0,57.0,-72.0,-96.0,-978.0,-99.0
-12.0,-256.0,-39.0,-368.0,79.0,-77.0,-89.0,-990.0,-82.0
-11.0,-254.0,-37.0,-353.0,97.0,-87.0,-83.0,-971.0,-73.0
-11.0,-256.0,-36.0,-335.0,116.0,-89.0,-77.0,-970.0,-67.0
-10.0,-254.0,-38.0,-324.0,131.0,-93.0,-70.0,-976.0,-70.0
-12.0,-254.0,-38.0,-321.0,147.0,-94.0,-75.0,-971.0,-66.0
-7.0,-256.0,-38.0,-322.0,157.0,-92.0,-68.0,-976.0,-66.0
-9.0,-249.0,-32.0,-320.0,161.0,-87.0,-61.0,-966.0,-65.0
-8.0,-250.0,-42.0,-317.0,161.0,-76.0,-63.0,-961.0,-69.0
-9.0,-247.0,-39.0,-319.0,155.0,-61.0,-59.0,-968.0,-77.0
-11.0,-250.0,-41.0,-326.0,141.0,-52.0,-59.0,-955.0,-82.0
-8.0,-249.0,-42.0,-335.0,122.0,-38.0,-63.0,-960.0,-96.0
-12.0,-247.0,-46.0,-346.0,99.0,-28.0,-65.0,-953.0,-93.0
-11.0,-248.0,-42.0,-356.0,70.0,-16.0,-72.0,-953.0,-99.0
-12.0,-247.0,-45.0,-369.0,43.0,-8.0,-72.0,-947.0,-101.0
-13.0,-244.0,-46.0,-380.0,14.0,5.0,-78.0,-942.0,-97.0
-14.0,-245.0,-47.0,-387.0,-14.0,14.0,-79.0,-939.0,-100.0
-17.0,-243.0,-45.0,-395.0,-43.0,29.0,-83.0,-934.0,-102.0
-14.0,-241.0,-43.0,-408.0,-73.0,37.0,-97.0,-928.0,-101.0
-19.0,-239.0,-45.0,-416.0,-98.0,48.0,-94.0,-930.0,-102.0
-21.0,-239.0,-44.0,-429.0,-118.0,55.0,-98.0,-927.0,-105.0
-16.0,-243.0,-45.0,-442.0,-132.0,62.0,-98.0,-933.0,-103.0
-12.0,-244.0,-43.0,-455.0,-141.0,66.0,-100.0,-936.0,-103.0
-17.0,-247.0,-43.0,-464.0,-143.0,71.0,-98.0,-949.0,-101.0
-14.0,-250.0,-47.0,-473.0,-138.0,72.0,-99.0,-955.0,-110.0
-17.0,-251.0,-49.0,-484.0,-127.0,71.0,-94.0,-965.0,-120.0
-12.0,-257.0,-50.0,-494.0,-115.0,65.0,-92.0,-971.0,-129.0
-12.0,-251.0,-57.0,-506.0,-92.0,58.0,-81.0,-969.0,-147.0
-11.0,-250.0,-63.0,-527.0,-67.0,45.0,-77.0,-973.0,-156.0
-9.0,-249.0,-60.0,-547.0,-41.0,29.0,-69.0,-953.0,-164.0
-10.0,-247.0,-59.0,-564.0,-12.0,11.0,-70.0,-945.0,-166.0
-11.0,-243.0,-60.0,-577.0,15.0,-3.0,-67.0,-938.0,-161.0
-11.0,-240.0,-57.0,-586.0,38.0,-17.0,-70.0,-925.0,-159.0
-9.0,-236.0,-56.0,-591.0,58.0,-29.0,-66.0,-916.0,-150.0
-10.0,-239.0,-56.0,-590.0,72.0,-42.0,-70.0,-922.0,-143.0
-8.0,-243.0,-58.0,-584.0,77.0,-50.0,-62.0,-919.0,-150.0
-11.0,-244.0,-56.0,-582.0,81.0,-57.0,-73.0,-933.0,-144.0
-12.0,-247.0,-58.0,-580.0,78.0,-59.0,-71.0,-942.0,-152.0
-9.0,-250.0,-56.0,-584.0,74.0,-64.0,-65.0,-954.0,-169.0
-10.0,-251.0,-58.0,-592.0,66.0,-64.0,-64.0,-956.0,-167.0
-10.0,-251.0,-60.0,-599.0,55.0,-66.0,-64.0,-967.0,-171.0
-9.0,-254.0,-61.0,-605.0,47.0,-68.0,-61.0,-964.0,-172.0
-8.0,-253.0,-60.0,-613.0,37.0,-72.0,-58.0,-968.0,-176.0
-7.0,-249.0,-63.0,-618.0,30.0,-77.0,-57.0,-960.0,-185.0
-5.0,-251.0,-66.0,-623.0,23.0,-81.0,-50.0,-958.0,-198.0
-8.0,-247.0,-67.0,-625.0,19.0,-86.0,-53.0,-955.0,-200.0
-7.0,-248.0,-70.0,-627.0,14.0,-89.0,-56.0,-955.0,-202.0
-7.0,-246.0,-69.0,-617.0,14.0,-89.0,-55.0,-951.0,-196.0
-11.0,-247.0,-68.0,-602.0,15.0,-88.0,-59.0,-948.0,-201.0
-10.0,-246.0,-71.0,-589.0,20.0,-85.0,-62.0,-948.0,-203.0
-10.0,-246.0,-73.0,-577.0,27.0,-79.0,-58.0,-948.0,-215.0
-7.0,-248.0,-77.0,-571.0,38.0,-76.0,-58.0,-951.0,-223.0
-8.0,-247.0,-77.0,-569.0,47.0,-73.0,-52.0,-949.0,-229.0
-6.0,-244.0,-79.0,-568.0,55.0,-70.0,-50.0,-941.0,-242.0
-7.0,-242.0,-80.0,-571.0,62.0,-66.0,-52.0,-921.0,-241.0
-7.0,-235.0,-78.0,-571.0,67.0,-60.0,-56.0,-907.0,-248.0
-8.0,-234.0,-79.0,-567.0,71.0,-51.0,-61.0,-897.0,-244.0
-10.0,-228.0,-75.0,-557.0,74.0,-43.0,-67.0,-893.0,-239.0
-11.0,-231.0,-78.0,-548.0,75.0,-38.0,-65.0,-893.0,-228.0
-11.0,-231.0,-74.0,-540.0,76.0,-32.0,-72.0,-892.0,-234.0
-10.0,-234.0,-73.0,-537.0,78.0,-26.0,-66.0,-902.0,-228.0
-12.0,-234.0,-73.0,-535.0,79.0,-21.0,-68.0,-902.0,-235.0
-8.0,-239.0,-81.0,-535.0,79.0,-10.0,-63.0,-913.0,-248.0
-10.0,-236.0,-82.0,-542.0,75.0,-4.0,-57.0,-913.0,-256.0
-8.0,-235.0,-80.0,-546.0,71.0,6.0,-52.0,-910.0,-255.0
-5.0,-235.0,-80.0,-549.0,64.0,11.0,-52.0,-907.0,-253.0
-8.0,-232.0,-80.0,-542.0,54.0,22.0,-53.0,-900.0,-242.0
-9.0,-231.0,-80.0,-529.0,45.0,29.0,-61.0,-895.0,-241.0
-11.0,-234.0,-78.0,-514.0,38.0,35.0,-65.0,-902.0,-246.0
-11.0,-237.0,-76.0,-502.0,34.0,37.0,-73.0,-906.0,-255.0
-12.0,-236.0,-83.0,-498.0,31.0,36.0,-71.0,-912.0,-261.0
-11.0,-237.0,-86.0,-492.0,30.0,33.0,-75.0,-920.0,-272.0
-11.0,-237.0,-93.0,-491.0,27.0,28.0,-76.0,-921.0,-288.0
-12.0,-236.0,-93.0,-487.0,28.0,23.0,-82.0,-911.0,-300.0
-12.0,-232.0,-93.0,-480.0,27.0,18.0,-84.0,-891.0,-299.0
-12.0,-227.0,-94.0,-471.0,28.0,9.0,-81.0,-876.0,-294.0
-13.0,-220.0,-90.0,-457.0,29.0,2.0,-81.0,-852.0,-294.0
-14.0,-214.0,-90.0,-435.0,27.0,-3.0,-88.0,-832.0,-289.0
-16.0,-212.0,-88.0,-420.0,28.0,-7.0,-89.0,-823.0,-281.0
-15.0,-209.0,-83.0,-410.0,27.0,-10.0,-95.0,-815.0,-281.0
-17.0,-208.0,-83.0,-408.0,23.0,-12.0,-94.0,-814.0,-272.0
-18.0,-207.0,-86.0,-411.0,19.0,-15.0,-101.0,-808.0,-263.0
-20.0,-209.0,-82.0,-421.0,18.0,-13.0,-106.0,-814.0,-264.0
-15.0,-207.0,-85.0,-436.0,15.0,-12.0,-104.0,-826.0,-273.0
-17.0,-213.0,-87.0,-457.0,13.0,-5.0,-108.0,-835.0,-273.0
-22.0,-218.0,-84.0,-473.0,7.0,1.0,-108.0,-847.0,-277.0
-20.0,-224.0,-90.0,-487.0,-3.0,8.0,-109.0,-867.0,-289.0
-20.0,-224.0,-90.0,-491.0,-13.0,13.0,-105.0,-872.0,-296.0
-19.0,-228.0,-92.0,-488.0,-22.0,20.0,-109.0,-879.0,-298.0
-19.0,-233.0,-95.0,-476.0,-35.0,25.0,-108.0,-897.0,-309.0
-19.0,-233.0,-95.0,-459.0,-45.0,33.0,-106.0,-905.0,-322.0
-15.0,-238.0,-98.0,-443.0,-54.0,39.0,-103.0,-919.0,-326.0
-20.0,-240.0,-99.0,-423.0,-63.0,45.0,-100.0,-930.0,-335.0
-15.0,-246.0,-103.0,-402.0,-69.0,49.0,-102.0,-949.0,-339.0
-14.0,-251.0,-103.0,-380.0,-71.0,52.0,-92.0,-963.0,-350.0
-12.0,-254.0,-107.0,-358.0,-71.0,48.0,-91.0,-970.0,-361.0
-11.0,-252.0,-107.0,-336.0,-72.0,44.0,-82.0,-980.0,-357.0
-12.0,-255.0,-108.0,-317.0,-73.0,36.0,-77.0,-984.0,-364.0
-11.0,-256.0,-105.0,-302.0,-71.0,29.0,-73.0,-979.0,-360.0
-11.0,-256.0,-107.0,-286.0,-68.0,17.0,-77.0,-973.0,-364.0
-11.0,-249.0,-115.0,-270.0,-66.0,8.0,-74.0,-963.0,-366.0
-12.0,-248.0,-107.0,-256.0,-59.0,-4.0,-66.0,-955.0,-362.0
-11.0,-246.0,-109.0,-243.0,-54.0,-9.0,-59.0,-944.0,-351.0
-8.0,-239.0,-108.0,-233.0,-51.0,-11.0,-63.0,-939.0,-347.0
-9.0,-244.0,-107.0,-227.0,-45.0,-13.0,-63.0,-942.0,-344.0
-8.0,-246.0,-103.0,-230.0,-35.0,-18.0,-63.0,-946.0,-342.0
-10.0,-246.0,-103.0,-239.0,-24.0,-17.0,-63.0,-952.0,-343.0
-8.0,-249.0,-108.0,-252.0,-12.0,-23.0,-65.0,-962.0,-348.0
-10.0,-250.0,-107.0,-271.0,2.0,-24.0,-69.0,-968.0,-356.0
-10.0,-254.0,-109.0,-289.0,16.0,-30.0,-61.0,-975.0,-373.0
-6.0,-257.0,-112.0,-302.0,30.0,-32.0,-62.0,-981.0,-369.0
-9.0,-258.0,-114.0,-309.0,43.0,-36.0,-61.0,-981.0,-379.0
-9.0,-253.0,-113.0,-308.0,54.0,-36.0,-61.0,-991.0,-377.0
-10.0,-256.0,-111.0,-299.0,62.0,-36.0,-68.0,-983.0,-390.0
-8.0,-255.0,-116.0,-282.0,67.0,-30.0,-63.0,-986.0,-393.0
-9.0,-254.0,-118.0,-263.0,76.0,-31.0,-66.0,-974.0,-401.0
-11.0,-251.0,-119.0,-250.0,82.0,-27.0,-67.0,-976.0,-403.0
-9.0,-254.0,-119.0,-241.0,89.0,-27.0,-64.0,-977.0,-416.0
-11.0,-251.0,-123.0,-240.0,94.0,-25.0,-65.0,-970.0,-415.0
-12.0,-248.0,-126.0,-240.0,100.0,-26.0,-68.0,-965.0,-428.0
-8.0,-248.0,-120.0,-237.0,104.0,-23.0,-69.0,-955.0,-424.0
-13.0,-246.0,-120.0,-228.0,104.0,-26.0,-73.0,-949.0,-415.0
-11.0,-246.0,-120.0,-218.0,103.0,-23.0,-77.0,-934.0,-415.0
-12.0,-239.0,-121.0,-208.0,103.0,-26.0,-74.0,-928.0,-403.0
-11.0,-239.0,-120.0,-200.0,101.0,-24.0,-80.0,-918.0,-403.0
-12.0,-238.0,-120.0,-198.0,98.0,-28.0,-87.0,-919.0,-399.0
-13.0,-237.0,-116.0,-201.0,97.0,-26.0,-92.0,-921.0,-403.0
-16.0,-240.0,-120.0,-209.0,95.0,-30.0,-96.0,-929.0,-404.0
-15.0,-243.0,-120.0,-219.0,96.0,-29.0,-102.0,-934.0,-410.0
-18.0,-244.0,-120.0,-227.0,94.0,-35.0,-104.0,-941.0,-409.0
-16.0,-245.0,-121.0,-233.0,93.0,-35.0,-102.0,-946.0,-413.0
-21.0,-248.0,-122.0,-233.0,93.0,-39.0,-99.0,-951.0,-421.0
-18.0,-250.0,-121.0,-228.0,95.0,-37.0,-97.0,-962.0,-429.0
-16.0,-254.0,-127.0,-218.0,97.0,-40.0,-95.0,-974.0,-434.0
-13.0,-257.0,-129.0,-204.0,101.0,-39.0,-104.0,-981.0,-445.0
-15.0,-259.0,-130.0,-183.0,106.0,-42.0,-99.0,-999.0,-450.0
-12.0,-259.0,-133.0,-162.0,109.0,-41.0,-103.0,-1004.0,-465.0
-21.0,-258.0,-133.0,-141.0,112.0,-42.0,-99.0,-1002.0,-476.0
-16.0,-260.0,-135.0,-120.0,114.0,-38.0,-102.0,-999.0,-465.0
-18.0,-258.0,-132.0,-98.0,113.0,-38.0,-105.0,-993.0,-474.0
-15.0,-257.0,-134.0,-77.0,109.0,-34.0,-100.0,-991.0,-471.0
-17.0,-255.0,-133.0,-57.0,103.0,-33.0,-103.0,-977.0,-465.0
-14.0,-253.0,-130.0,-40.0,95.0,-28.0,-96.0,-971.0,-469.0
-19.0,-249.0,-131.0,-30.0,83.0,-27.0,-99.0,-963.0,-464.0
-17.0,-247.0,-131.0,-24.0,65.0,-22.0,-102.0,-959.0,-463.0
-20.0,-246.0,-130.0,-21.0,53.0,-19.0,-101.0,-953.0,-460.0
-19.0,-244.0,-129.0,-24.0,42.0,-13.0,-104.0,-947.0,-455.0
-18.0,-241.0,-125.0,-30.0,31.0,-11.0,-107.0,-945.0,-458.0
-19.0,-246.0,-129.0,-39.0,24.0,-7.0,-107.0,-942.0,-448.0
-14.0,-246.0,-130.0,-50.0,22.0,-10.0,-100.0,-951.0,-455.0
-17.0,-245.0,-133.0,-66.0,21.0,-8.0,-104.0,-960.0,-455.0
-17.0,-246.0,-128.0,-85.0,24.0,-11.0,-99.0,-957.0,-458.0
-13.0,-248.0,-131.0,-105.0,31.0,-10.0,-89.0,-960.0,-463.0
-11.0,-251.0,-132.0,-122.0,40.0,-17.0,-81.0,-963.0,-468.0
-10.0,-253.0,-135.0,-137.0,53.0,-17.0,-78.0,-971.0,-474.0
-10.0,-252.0,-139.0,-143.0,65.0,-23.0,-72.0,-976.0,-485.0
-9.0,-255.0,-141.0,-147.0,79.0,-25.0,-70.0,-977.0,-493.0
-10.0,-253.0,-140.0,-144.0,93.0,-30.0,-64.0,-975.0,-497.0
-9.0,-249.0,-136.0,-140.0,103.0,-31.0,-67.0,-970.0,-498.0
-8.0,-252.0,-142.0,-134.0,112.0,-36.0,-66.0,-964.0,-489.0
-9.0,-252.0,-134.0,-128.0,118.0,-34.0,-67.0,-963.0,-482.0
-10.0,-250.0,-135.0,-118.0,122.0,-36.0,-70.0,-964.0,-481.0
-12.0,-249.0,-132.0,-108.0,122.0,-33.0,-69.0,-958.0,-467.0
-11.0,-249.0,-127.0,-98.0,118.0,-34.0,-72.0,-957.0,-460.0
-12.0,-244.0,-133.0,-90.0,110.0,-30.0,-76.0,-949.0,-458.0
-14.0,-243.0,-130.0,-87.0,102.0,-30.0,-74.0,-938.0,-454.0
-12.0,-243.0,-131.0,-88.0,90.0,-22.0,-74.0,-929.0,-454.0
-11.0,-238.0,-129.0,-93.0,79.0,-20.0,-75.0,-915.0,-446.0
-12.0,-233.0,-127.0,-102.0,67.0,-15.0,-72.0,-905.0,-446.0
-12.0,-230.0,-126.0,-114.0,57.0,-13.0,-70.0,-898.0,-440.0
-10.0,-231.0,-124.0,-127.0,51.0,-9.0,-78.0,-893.0,-433.0
-12.0,-230.0,-126.0,-142.0,48.0,-9.0,-74.0,-893.0,-435.0
-12.0,-230.0,-126.0,-156.0,46.0,-6.0,-75.0,-896.0,-439.0
-8.0,-237.0,-128.0,-166.0,48.0,-4.0,-71.0,-904.0,-440.0
-10.0,-233.0,-127.0,-173.0,47.0,-1.0,-72.0,-910.0,-438.0
-12.0,-235.0,-130.0,-169.0,50.0,-3.0,-70.0,-910.0,-438.0
-12.0,-236.0,-125.0,-165.0,54.0,-3.0,-75.0,-909.0,-439.0
-8.0,-232.0,-126.0,-160.0,61.0,-5.0,-70.0,-907.0,-440.0
-10.0,-235.0,-129.0,-151.0,66.0,-4.0,-70.0,-902.0,-444.0
-12.0,-231.0,-125.0,-138.0,70.0,-7.0,-64.0,-905.0,-443.0
-11.0,-231.0,-130.0,-122.0,74.0,-5.0,-66.0,-895.0,-448.0
-9.0,-231.0,-129.0,-103.0,76.0,-7.0,-64.0,-895.0,-447.0
-8.0,-228.0,-127.0,-84.0,81.0,-5.0,-65.0,-883.0,-444.0
-8.0,-228.0,-127.0,-62.0,87.0,-8.0,-61.0,-878.0,-444.0
-10.0,-226.0,-125.0,-41.0,92.0,-7.0,-59.0,-879.0,-446.0
-8.0,-226.0,-127.0,-23.0,96.0,-8.0,-59.0,-878.0,-443.0
-7.0,-228.0,-125.0,-10.0,98.0,-5.0,-60.0,-882.0,-438.0
-10.0,-228.0,-124.0,4.0,99.0,-5.0,-53.0,-890.0,-442.0
-10.0,-230.0,-132.0,17.0,97.0,-1.0,-61.0,-897.0,-453.0
-10.0,-227.0,-129.0,27.0,96.0,-2.0,-59.0,-885.0,-447.0
-10.0,-228.0,-130.0,41.0,95.0,-1.0,-54.0,-883.0,-449.0
-8.0,-227.0,-129.0,58.0,93.0,-3.0,-55.0,-877.0,-446.0
-11.0,-226.0,-125.0,80.0,89.0,-6.0,-62.0,-866.0,-444.0
-8.0,-223.0,-128.0,112.0,88.0,-15.0,-59.0,-859.0,-448.0
-8.0,-217.0,-131.0,135.0,91.0,-19.0,-57.0,-848.0,-446.0
-5.0,-215.0,-131.0,151.0,95.0,-22.0,-51.0,-835.0,-449.0
-2.0,-211.0,-130.0,158.0,100.0,-21.0,-47.0,-833.0,-453.0
-6.0,-211.0,-129.0,161.0,103.0,-23.0,-41.0,-826.0,-449.0
-4.0,-211.0,-126.0,165.0,107.0,-16.0,-40.0,-824.0,-445.0
-2.0,-210.0,-128.0,168.0,108.0,-16.0,-33.0,-834.0,-443.0
-3.0,-214.0,-127.0,174.0,106.0,-12.0,-34.0,-840.0,-438.0
-1.0,-217.0,-125.0,178.0,106.0,-9.0,-35.0,-844.0,-436.0
-4.0,-216.0,-124.0,185.0,100.0,1.0,-42.0,-853.0,-444.0
-7.0,-222.0,-128.0,195.0,93.0,9.0,-50.0,-860.0,-444.0
-9.0,-223.0,-131.0,207.0,85.0,18.0,-59.0,-867.0,-451.0
-12.0,-228.0,-131.0,225.0,77.0,22.0,-67.0,-880.0,-457.0
-11.0,-233.0,-132.0,251.0,68.0,24.0,-68.0,-889.0,-456.0
-12.0,-233.0,-139.0,288.0,62.0,18.0,-73.0,-895.0,-468.0
-11.0,-234.0,-139.0,327.0,61.0,9.0,-59.0,-903.0,-464.0
-3.0,-233.0,-134.0,372.0,63.0,-1.0,-47.0,-902.0,-466.0
-1.0,-232.0,-133.0,419.0,71.0,-7.0,-22.0,-898.0,-462.0
7.0,-232.0,-132.0,465.0,82.0,-13.0,-1.0,-894.0,-462.0
11.0,-229.0,-131.0,514.0,104.0,-16.0,14.0,-890.0,-460.0
23.0,-229.0,-127.0,575.0,129.0,-20.0,42.0,-883.0,-454.0
26.0,-225.0,-125.0,623.0,160.0,-21.0,77.0,-878.0,-445.0
34.0,-229.0,-126.0,664.0,204.0,-27.0,97.0,-880.0,-433.0
38.0,-221.0,-121.0,706.0,249.0,-33.0,105.0,-863.0,-421.0
42.0,-217.0,-119.0,739.0,304.0,-47.0,116.0,-855.0,-397.0
40.0,-216.0,-114.0,757.0,378.0,-62.0,128.0,-848.0,-377.0
48.0,-216.0,-108.0,772.0,456.0,-70.0,149.0,-853.0,-357.0
53.0,-222.0,-110.0,785.0,537.0,-72.0,164.0,-876.0,-343.0
50.0,-230.0,-98.0,808.0,614.0,-76.0,163.0,-875.0,-326.0
53.0,-228.0,-97.0,848.0,702.0,-86.0,176.0,-888.0,-311.0
58.0,-234.0,-97.0,892.0,759.0,-104.0,204.0,-896.0,-309.0
64.0,-235.0,-97.0,933.0,804.0,-132.0,221.0,-905.0,-316.0
69.0,-235.0,-101.0,959.0,840.0,-168.0,239.0,-905.0,-328.0
69.0,-232.0,-105.0,981.0,872.0,-201.0,238.0,-899.0,-346.0
68.0,-235.0,-111.0,997.0,897.0,-224.0,239.0,-916.0,-364.0
71.0,-238.0,-110.0,1017.0,921.0,-245.0,237.0,-920.0,-372.0
67.0,-242.0,-108.0,1037.0,950.0,-262.0,236.0,-923.0,-375.0
69.0,-240.0,-113.0,1051.0,974.0,-275.0,233.0,-923.0,-380.0
64.0,-232.0,-118.0,1055.0,992.0,-296.0,219.0,-894.0,-397.0
57.0,-222.0,-120.0,1045.0,1016.0,-314.0,198.0,-864.0,-410.0
52.0,-210.0,-122.0,1023.0,1037.0,-334.0,179.0,-828.0,-412.0
44.0,-201.0,-123.0,988.0,1052.0,-355.0,152.0,-809.0,-413.0
37.0,-201.0,-121.0,941.0,1064.0,-381.0,116.0,-794.0,-416.0
28.0,-203.0,-118.0,885.0,1075.0,-406.0,98.0,-797.0,-404.0
23.0,-207.0,-118.0,828.0,1091.0,-430.0,54.0,-808.0,-388.0
8.0,-215.0,-112.0,787.0,1118.0,-439.0,6.0,-844.0,-370.0
0.0,-221.0,-112.0,758.0,1134.0,-440.0,-18.0,-861.0,-379.0
-6.0,-228.0,-113.0,727.0,1139.0,-447.0,-60.0,-886.0,-355.0
-17.0,-231.0,-107.0,713.0,1130.0,-449.0,-97.0,-902.0,-362.0
-18.0,-233.0,-101.0,712.0,1102.0,-460.0,-112.0,-908.0,-356.0
-29.0,-232.0,-108.0,718.0,1070.0,-476.0,-141.0,-902.0,-355.0
-34.0,-236.0,-105.0,731.0,1031.0,-495.0,-164.0,-906.0,-337.0
-31.0,-236.0,-102.0,738.0,982.0,-513.0,-147.0,-908.0,-324.0
-35.0,-232.0,-95.0,758.0,932.0,-525.0,-157.0,-895.0,-315.0
-37.0,-232.0,-96.0,782.0,884.0,-530.0,-158.0,-890.0,-306.0
-35.0,-232.0,-88.0,799.0,834.0,-530.0,-153.0,-892.0,-275.0
-30.0,-229.0,-90.0,818.0,785.0,-526.0,-139.0,-879.0,-293.0
-32.0,-229.0,-83.0,819.0,733.0,-532.0,-149.0,-880.0,-250.0
-33.0,-229.0,-80.0,849.0,682.0,-530.0,-153.0,-877.0,-254.0
-33.0,-226.0,-86.0,867.0,640.0,-536.0,-146.0,-862.0,-256.0
-33.0,-221.0,-85.0,873.0,591.0,-544.0,-148.0,-852.0,-269.0
-29.0,-215.0,-89.0,869.0,545.0,-554.0,-132.0,-839.0,-274.0
-19.0,-216.0,-88.0,861.0,505.0,-556.0,-101.0,-846.0,-275.0
-13.0,-219.0,-84.0,857.0,466.0,-563.0,-86.0,-849.0,-265.0
-10.0,-219.0,-96.0,862.0,436.0,-567.0,-73.0,-837.0,-304.0
-4.0,-219.0,-94.0,840.0,402.0,-578.0,-35.0,-851.0,-291.0
7.0,-217.0,-97.0,832.0,379.0,-579.0,12.0,-851.0,-315.0
19.0,-209.0,-102.0,827.0,359.0,-582.0,45.0,-831.0,-325.0
24.0,-205.0,-97.0,795.0,325.0,-572.0,73.0,-804.0,-329.0
31.0,-201.0,-90.0,759.0,294.0,-557.0,97.0,-802.0,-317.0
37.0,-200.0,-99.0,748.0,261.0,-544.0,115.0,-784.0,-315.0
38.0,-192.0,-97.0,731.0,235.0,-536.0,104.0,-741.0,-319.0
36.0,-189.0,-92.0,695.0,207.0,-520.0,120.0,-721.0,-297.0
32.0,-181.0,-96.0,682.0,199.0,-507.0,103.0,-705.0,-299.0
32.0,-179.0,-94.0,662.0,188.0,-488.0,100.0,-687.0,-313.0
28.0,-180.0,-86.0,637.0,190.0,-472.0,90.0,-693.0,-276.0
28.0,-179.0,-87.0,661.0,213.0,-455.0,94.0,-703.0,-278.0
28.0,-180.0,-88.0,691.0,240.0,-448.0,84.0,-696.0,-286.0
23.0,-177.0,-92.0,697.0,254.0,-436.0,59.0,-698.0,-290.0
24.0,-184.0,-88.0,685.0,257.0,-423.0,77.0,-713.0,-294.0
22.0,-186.0,-92.0,671.0,242.0,-405.0,60.0,-725.0,-284.0
20.0,-191.0,-90.0,659.0,212.0,-384.0,60.0,-744.0,-281.0
18.0,-190.0,-87.0,653.0,172.0,-364.0,52.0,-736.0,-287.0
10.0,-188.0,-88.0,652.0,129.0,-345.0,24.0,-729.0,-270.0
10.0,-185.0,-84.0,660.0,64.0,-329.0,35.0,-719.0,-273.0
8.0,-175.0,-85.0,664.0,-11.0,-325.0,18.0,-689.0,-271.0
6.0,-170.0,-78.0,664.0,-89.0,-315.0,17.0,-662.0,-261.0
0.0,-156.0,-82.0,662.0,-187.0,-306.0,1.0,-627.0,-263.0
6.0,-151.0,-83.0,652.0,-256.0,-284.0,13.0,-593.0,-259.0
9.0,-149.0,-86.0,633.0,-318.0,-274.0,17.0,-578.0,-270.0
13.0,-146.0,-83.0,609.0,-367.0,-267.0,23.0,-577.0,-255.0
12.0,-151.0,-85.0,594.0,-403.0,-259.0,20.0,-591.0,-266.0
7.0,-157.0,-85.0,593.0,-420.0,-250.0,7.0,-616.0,-265.0
11.0,-165.0,-80.0,607.0,-429.0,-239.0,6.0,-635.0,-265.0
13.0,-173.0,-86.0,636.0,-437.0,-227.0,28.0,-658.0,-272.0
9.0,-176.0,-86.0,673.0,-444.0,-219.0,21.0,-672.0,-281.0
13.0,-179.0,-91.0,722.0,-454.0,-200.0,13.0,-678.0,-284.0
16.0,-183.0,-91.0,792.0,-476.0,-183.0,46.0,-706.0,-299.0
11.0,-181.0,-92.0,854.0,-502.0,-176.0,34.0,-704.0,-286.0
15.0,-182.0,-90.0,924.0,-538.0,-168.0,39.0,-696.0,-287.0
13.0,-176.0,-87.0,994.0,-578.0,-153.0,39.0,-683.0,-282.0
7.0,-165.0,-86.0,1062.0,-630.0,-146.0,18.0,-654.0,-272.0
6.0,-159.0,-86.0,1129.0,-682.0,-124.0,14.0,-630.0,-266.0
8.0,-155.0,-78.0,1185.0,-737.0,-112.0,10.0,-598.0,-251.0
6.0,-150.0,-71.0,1231.0,-791.0,-97.0,10.0,-576.0,-234.0
3.0,-144.0,-71.0,1266.0,-838.0,-88.0,0.0,-558.0,-211.0
6.0,-141.0,-63.0,1295.0,-877.0,-75.0,-2.0,-540.0,-196.0
-3.0,-135.0,-58.0,1328.0,-916.0,-69.0,-13.0,-527.0,-168.0
-4.0,-132.0,-53.0,1350.0,-941.0,-56.0,-21.0,-519.0,-154.0
-5.0,-132.0,-56.0,1370.0,-962.0,-49.0,-29.0,-509.0,-141.0
-8.0,-128.0,-51.0,1385.0,-980.0,-41.0,-35.0,-499.0,-128.0
-6.0,-131.0,-50.0,1398.0,-995.0,-40.0,-44.0,-497.0,-122.0
-6.0,-127.0,-48.0,1400.0,-1008.0,-40.0,-46.0,-496.0,-106.0
-5.0,-131.0,-39.0,1396.0,-1015.0,-47.0,-43.0,-505.0,-93.0
-4.0,-133.0,-43.0,1396.0,-1020.0,-51.0,-41.0,-513.0,-80.0
-3.0,-140.0,-31.0,1402.0,-1022.0,-57.0,-26.0,-524.0,-65.0
1.0,-143.0,-33.0,1432.0,-1024.0,-56.0,-20.0,-538.0,-46.0
1.0,-146.0,-30.0,1491.0,-1030.0,-63.0,-7.0,-552.0,-47.0
6.0,-146.0,-32.0,1542.0,-1033.0,-73.0,0.0,-570.0,-56.0
0.0,-148.0,-30.0,1587.0,-1032.0,-88.0,-10.0,-571.0,-43.0
-1.0,-147.0,-29.0,1635.0,-1029.0,-103.0,-17.0,-580.0,-39.0
-1.0,-147.0,-29.0,1680.0,-1028.0,-122.0,-12.0,-569.0,-34.0
-1.0,-145.0,-33.0,1729.0,-1027.0,-140.0,-8.0,-554.0,-42.0
-1.0,-142.0,-31.0,1766.0,-1025.0,-159.0,-33.0,-541.0,-43.0
4.0,-143.0,-25.0,1797.0,-1018.0,-167.0,0.0,-543.0,-25.0
0.0,-139.0,-30.0,1828.0,-1007.0,-187.0,-14.0,-534.0,-25.0
-1.0,-142.0,-22.0,1860.0,-998.0,-199.0,-27.0,-530.0,-12.0
1.0,-140.0,-21.0,1915.0,-990.0,-202.0,-25.0,-533.0,-3.0
14.0,-146.0,-13.0,1975.0,-968.0,-204.0,38.0,-556.0,21.0
16.0,-146.0,-9.0,2041.0,-943.0,-231.0,33.0,-562.0,50.0
18.0,-149.0,6.0,2090.0,-917.0,-252.0,28.0,-573.0,82.0
27.0,-151.0,9.0,2137.0,-887.0,-282.0,90.0,-598.0,105.0
36.0,-155.0,15.0,2186.0,-865.0,-328.0,111.0,-603.0,139.0
36.0,-161.0,17.0,2224.0,-846.0,-372.0,110.0,-622.0,156.0
42.0,-168.0,29.0,2262.0,-825.0,-421.0,131.0,-640.0,184.0
47.0,-175.0,25.0,2319.0,-803.0,-490.0,146.0,-668.0,190.0
28.0,-172.0,23.0,2386.0,-771.0,-580.0,93.0,-661.0,189.0
25.0,-175.0,25.0,2486.0,-736.0,-639.0,59.0,-661.0,192.0
21.0,-165.0,26.0,2563.0,-709.0,-672.0,60.0,-646.0,176.0
21.0,-161.0,28.0,2617.0,-695.0,-708.0,53.0,-627.0,184.0
25.0,-162.0,43.0,2631.0,-694.0,-731.0,87.0,-634.0,220.0
45.0,-162.0,35.0,2620.0,-693.0,-766.0,141.0,-645.0,228.0
50.0,-160.0,52.0,2596.0,-683.0,-806.0,166.0,-633.0,274.0
58.0,-155.0,65.0,2585.0,-657.0,-827.0,200.0,-611.0,324.0
71.0,-143.0,72.0,2584.0,-612.0,-819.0,245.0,-568.0,355.0
79.0,-130.0,60.0,2607.0,-564.0,-781.0,275.0,-515.0,334.0
83.0,-125.0,36.0,2649.0,-509.0,-718.0,289.0,-483.0,255.0
82.0,-128.0,14.0,2699.0,-493.0,-652.0,294.0,-495.0,110.0
97.0,-146.0,-19.0,2767.0,-504.0,-604.0,364.0,-580.0,4.0
114.0,-182.0,-32.0,2872.0,-528.0,-623.0,419.0,-697.0,-47.0
145.0,-212.0,-20.0,3026.0,-530.0,-676.0,505.0,-813.0,9.0
128.0,-248.0,35.0,3218.0,-474.0,-727.0,468.0,-928.0,216.0
96.0,-279.0,119.0,3452.0,-387.0,-698.0,365.0,-1007.0,535.0
121.0,-291.0,193.0,3689.0,-279.0,-589.0,383.0,-1119.0,813.0
163.0,-293.0,256.0,3799.0,-95.0,-473.0,527.0,-1160.0,1054.0
195.0,-312.0,294.0,3752.0,135.0,-370.0,708.0,-1229.0,1252.0
216.0,-361.0,340.0,3620.0,350.0,-311.0,801.0,-1400.0,1439.0
240.0,-469.0,394.0,3625.0,440.0,-214.0,880.0,-1744.0,1631.0
309.0,-655.0,459.0,3877.0,454.0,-65.0,1096.0,-2325.0,1861.0
388.0,-872.0,572.0,4462.0,442.0,48.0,1389.0,-3068.0,2244.0
513.0,-1140.0,747.0,5263.0,419.0,143.0,1794.0,-4006.0,3028.0
716.0,-1353.0,858.0,6168.0,435.0,176.0,2654.0,-5087.0,3494.0
948.0,-1479.0,852.0,6912.0,531.0,90.0,3712.0,-5644.0,3422.0
1037.0,-1289.0,652.0,7269.0,820.0,-295.0,3867.0,-4985.0,2698.0
690.0,-864.0,535.0,6848.0,1217.0,-621.0,2523.0,-3460.0,2235.0
355.0,-454.0,601.0,5822.0,1645.0,-667.0,1347.0,-1958.0,2463.0
22.0,-136.0,756.0,4476.0,1882.0,-716.0,166.0,-713.0,3011.0
-42.0,16.0,881.0,3595.0,1826.0,-692.0,-182.0,24.0,3539.0
-152.0,106.0,772.0,2778.0,1437.0,-624.0,-650.0,342.0,3290.0
-195.0,160.0,466.0,2296.0,800.0,-465.0,-630.0,669.0,1919.0
-139.0,167.0,88.0,2480.0,371.0,-345.0,-573.0,788.0,537.0
89.0,137.0,-218.0,3423.0,375.0,-109.0,352.0,641.0,-565.0
190.0,232.0,-332.0,4389.0,844.0,163.0,503.0,861.0,-1181.0
384.0,283.0,-312.0,4584.0,1235.0,593.0,1256.0,907.0,-1154.0
486.0,356.0,-211.0,4026.0,1410.0,872.0,1866.0,1110.0,-815.0
524.0,311.0,-6.0,2890.0,1528.0,1117.0,1918.0,1055.0,0.0
479.0,195.0,223.0,1659.0,1908.0,1240.0,1756.0,754.0,873.0
334.0,126.0,332.0,1192.0,2525.0,1193.0,1228.0,474.0,1445.0
194.0,68.0,394.0,1174.0,2864.0,932.0,597.0,317.0,1628.0
-20.0,53.0,375.0,1187.0,2779.0,630.0,-44.0,175.0,1540.0
-154.0,1.0,333.0,1052.0,2497.0,561.0,-583.0,61.0,1410.0
-86.0,-61.0,281.0,1037.0,2223.0,721.0,-344.0,-177.0,1237.0
-63.0,-69.0,208.0,1150.0,1987.0,802.0,-185.0,-273.0,956.0
-65.0,-55.0,185.0,1164.0,1592.0,808.0,-180.0,-257.0,796.0
-44.0,-48.0,191.0,1019.0,1145.0,891.0,-141.0,-210.0,829.0
-14.0,-37.0,229.0,809.0,762.0,951.0,-85.0,-152.0,966.0
-13.0,-15.0,272.0,689.0,636.0,938.0,-49.0,-58.0,1190.0
-21.0,-3.0,312.0,543.0,570.0,846.0,-66.0,-19.0,1306.0
-11.0,-5.0,321.0,405.0,485.0,758.0,-40.0,-28.0,1354.0
0.0,-21.0,301.0,320.0,401.0,713.0,1.0,-66.0,1295.0
32.0,-44.0,264.0,315.0,342.0,741.0,90.0,-143.0,1158.0
51.0,-62.0,225.0,396.0,359.0,799.0,126.0,-214.0,1001.0
74.0,-80.0,174.0,569.0,421.0,874.0,249.0,-305.0,772.0
92.0,-98.0,119.0,744.0,578.0,919.0,316.0,-368.0,575.0
90.0,-86.0,93.0,862.0,784.0,863.0,310.0,-351.0,500.0
55.0,-66.0,103.0,974.0,972.0,766.0,228.0,-266.0,474.0
9.0,-27.0,116.0,1045.0,1045.0,701.0,56.0,-112.0,519.0
-14.0,3.0,132.0,1092.0,1045.0,659.0,-35.0,-4.0,574.0
-25.0,25.0,155.0,1110.0,1008.0,602.0,-105.0,83.0,663.0
-25.0,42.0,160.0,1104.0,959.0,546.0,-99.0,172.0,741.0
-15.0,58.0,189.0,1079.0,922.0,514.0,-64.0,224.0,826.0
-12.0,66.0,208.0,1035.0,862.0,497.0,-48.0,252.0,909.0
-20.0,67.0,231.0,970.0,773.0,481.0,-69.0,264.0,986.0
-23.0,61.0,237.0,914.0,682.0,461.0,-95.0,247.0,1026.0
-15.0,49.0,224.0,900.0,617.0,432.0,-70.0,204.0,986.0
-11.0,29.0,199.0,914.0,620.0,402.0,-66.0,135.0,889.0
-12.0,12.0,186.0,955.0,652.0,363.0,-70.0,69.0,797.0
-32.0,2.0,159.0,1011.0,678.0,300.0,-127.0,35.0,706.0
-48.0,8.0,145.0,1035.0,648.0,235.0,-185.0,36.0,655.0
-74.0,12.0,155.0,1014.0,588.0,170.0,-244.0,58.0,681.0
-68.0,25.0,165.0,990.0,506.0,120.0,-267.0,98.0,729.0
-62.0,38.0,187.0,980.0,428.0,85.0,-247.0,148.0,816.0
-45.0,44.0,206.0,970.0,345.0,61.0,-173.0,185.0,888.0
-38.0,56.0,220.0,954.0,265.0,51.0,-119.0,219.0,960.0
-20.0,65.0,244.0,931.0,180.0,65.0,-76.0,253.0,1046.0
1.0,74.0,265.0,891.0,106.0,90.0,14.0,295.0,1149.0
-2.0,95.0,290.0,846.0,54.0,118.0,3.0,352.0,1224.0
-3.0,105.0,314.0,796.0,2.0,138.0,-3.0,406.0,1320.0
-24.0,100.0,322.0,771.0,-13.0,146.0,-83.0,406.0,1366.0
-34.0,87.0,324.0,817.0,-5.0,125.0,-135.0,364.0,1361.0
-49.0,76.0,319.0,898.0,47.0,92.0,-178.0,320.0,1364.0
-42.0,58.0,326.0,978.0,96.0,50.0,-157.0,242.0,1401.0
-77.0,89.0,317.0,1058.0,170.0,42.0,-265.0,331.0,1329.0
-79.0,95.0,306.0,1028.0,139.0,57.0,-286.0,383.0,1287.0
-51.0,118.0,292.0,962.0,35.0,79.0,-221.0,440.0,1247.0
-44.0,125.0,297.0,926.0,19.0,108.0,-150.0,479.0,1257.0
-36.0,148.0,306.0,915.0,11.0,129.0,-116.0,554.0,1301.0
-20.0,165.0,314.0,876.0,-16.0,160.0,-100.0,620.0,1309.0
8.0,167.0,330.0,816.0,-48.0,188.0,36.0,631.0,1406.0
-4.0,191.0,352.0,818.0,28.0,185.0,21.0,731.0,1475.0
-20.0,234.0,359.0,756.0,25.0,165.0,-72.0,850.0,1487.0
12.0,225.0,390.0,498.0,-56.0,176.0,47.0,875.0,1607.0
-64.0,276.0,379.0,328.0,-88.0,154.0,-165.0,1003.0,1595.0
-48.0,250.0,351.0,73.0,-262.0,182.0,-202.0,977.0,1507.0
-48.0,230.0,323.0,-161.0,-403.0,215.0,-139.0,901.0,1406.0
-59.0,213.0,287.0,-126.0,-418.0,233.0,-204.0,845.0,1254.0
-44.0,180.0,263.0,-34.0,-440.0,281.0,-164.0,720.0,1087.0
-52.0,167.0,223.0,58.0,-482.0,281.0,-170.0,626.0,961.0
-25.0,145.0,202.0,52.0,-551.0,257.0,-84.0,537.0,870.0
-3.0,119.0,187.0,10.0,-589.0,223.0,-5.0,450.0,823.0
10.0,101.0,180.0,-10.0,-574.0,180.0,31.0,386.0,806.0
25.0,85.0,178.0,-22.0,-527.0,144.0,80.0,338.0,794.0
32.0,83.0,179.0,-40.0,-467.0,104.0,123.0,320.0,798.0
41.0,87.0,185.0,-75.0,-398.0,52.0,161.0,324.0,809.0
61.0,86.0,192.0,-142.0,-354.0,20.0,225.0,338.0,832.0
66.0,98.0,196.0,-180.0,-293.0,-10.0,252.0,360.0,862.0
84.0,107.0,203.0,-250.0,-261.0,-35.0,304.0,383.0,879.0
95.0,101.0,210.0,-324.0,-226.0,-43.0,349.0,389.0,912.0
84.0,95.0,220.0,-343.0,-180.0,-39.0,327.0,374.0,950.0
74.0,74.0,226.0,-322.0,-159.0,-19.0,303.0,304.0,968.0
58.0,59.0,231.0,-273.0,-148.0,-2.0,227.0,215.0,984.0
47.0,26.0,236.0,-211.0,-151.0,13.0,170.0,96.0,1007.0
31.0,-5.0,240.0,-144.0,-165.0,20.0,113.0,-2.0,1023.0
16.0,-26.0,242.0,-73.0,-189.0,14.0,65.0,-87.0,1039.0
8.0,-42.0,245.0,14.0,-199.0,2.0,23.0,-150.0,1038.0
7.0,-53.0,239.0,85.0,-192.0,-8.0,23.0,-184.0,1037.0
11.0,-53.0,235.0,141.0,-176.0,-26.0,27.0,-191.0,1026.0
14.0,-44.0,236.0,171.0,-162.0,-46.0,39.0,-174.0,1007.0
18.0,-37.0,233.0,178.0,-157.0,-60.0,58.0,-142.0,999.0
24.0,-20.0,232.0,164.0,-149.0,-62.0,94.0,-82.0,1001.0
28.0,-9.0,234.0,143.0,-141.0,-58.0,97.0,-37.0,1010.0
30.0,2.0,236.0,115.0,-140.0,-52.0,104.0,7.0,1022.0
29.0,13.0,243.0,84.0,-134.0,-46.0,100.0,45.0,1040.0
30.0,16.0,250.0,39.0,-119.0,-39.0,115.0,66.0,1066.0
27.0,15.0,257.0,3.0,-105.0,-33.0,98.0,65.0,1094.0
21.0,13.0,261.0,-20.0,-103.0,-27.0,83.0,54.0,1107.0
19.0,4.0,261.0,-25.0,-108.0,-25.0,76.0,23.0,1111.0
20.0,-4.0,258.0,-13.0,-116.0,-21.0,73.0,-5.0,1099.0
15.0,-8.0,255.0,9.0,-127.0,-15.0,63.0,-42.0,1076.0
15.0,-19.0,246.0,33.0,-145.0,4.0,64.0,-69.0,1053.0
22.0,-27.0,239.0,46.0,-162.0,18.0,86.0,-96.0,1034.0
26.0,-32.0,228.0,55.0,-168.0,28.0,94.0,-116.0,1000.0
28.0,-37.0,229.0,58.0,-167.0,34.0,98.0,-134.0,978.0
30.0,-40.0,219.0,52.0,-168.0,35.0,106.0,-141.0,964.0
32.0,-37.0,213.0,38.0,-169.0,33.0,115.0,-142.0,949.0
31.0,-33.0,216.0,21.0,-165.0,34.0,120.0,-132.0,942.0
34.0,-34.0,216.0,1.0,-161.0,36.0,121.0,-128.0,941.0
36.0,-33.0,219.0,-20.0,-158.0,44.0,124.0,-119.0,950.0
31.0,-30.0,223.0,-41.0,-155.0,51.0,113.0,-116.0,957.0
34.0,-34.0,228.0,-53.0,-164.0,63.0,119.0,-119.0,971.0
32.0,-33.0,232.0,-60.0,-175.0,65.0,118.0,-121.0,989.0
37.0,-32.0,233.0,-57.0,-178.0,67.0,133.0,-128.0,1003.0
42.0,-36.0,231.0,-52.0,-178.0,63.0,150.0,-131.0,1007.0
41.0,-36.0,242.0,-45.0,-175.0,64.0,155.0,-143.0,1024.0
44.0,-41.0,241.0,-37.0,-180.0,63.0,166.0,-151.0,1042.0
48.0,-44.0,244.0,-20.0,-180.0,61.0,174.0,-159.0,1048.0
52.0,-47.0,247.0,-6.0,-172.0,52.0,195.0,-168.0,1055.0
52.0,-46.0,245.0,8.0,-157.0,48.0,200.0,-168.0,1055.0
50.0,-45.0,245.0,15.0,-149.0,46.0,187.0,-172.0,1063.0
47.0,-48.0,243.0,22.0,-151.0,47.0,182.0,-171.0,1041.0
47.0,-45.0,240.0,29.0,-152.0,38.0,171.0,-170.0,1037.0
49.0,-41.0,241.0,34.0,-145.0,31.0,180.0,-163.0,1025.0
47.0,-35.0,237.0,37.0,-127.0,23.0,178.0,-141.0,1015.0
46.0,-29.0,235.0,33.0,-123.0,23.0,161.0,-115.0,1008.0
43.0,-22.0,234.0,24.0,-130.0,22.0,154.0,-90.0,1009.0
42.0,-20.0,235.0,12.0,-132.0,26.0,150.0,-65.0,1003.0
41.0,-9.0,232.0,5.0,-127.0,25.0,143.0,-48.0,1004.0
42.0,-10.0,233.0,2.0,-116.0,29.0,150.0,-38.0,995.0
38.0,-4.0,232.0,0.0,-104.0,30.0,140.0,-31.0,992.0
34.0,-4.0,228.0,-6.0,-99.0,38.0,134.0,-23.0,989.0
36.0,-3.0,228.0,-15.0,-94.0,40.0,127.0,-16.0,995.0
37.0,-4.0,233.0,-22.0,-92.0,47.0,127.0,-18.0,990.0
38.0,-4.0,227.0,-29.0,-83.0,47.0,139.0,-15.0,991.0
39.0,-4.0,231.0,-28.0,-70.0,47.0,133.0,-11.0,990.0
39.0,0.0,231.0,-23.0,-55.0,45.0,152.0,-15.0,990.0
34.0,-2.0,231.0,-27.0,-44.0,41.0,123.0,0.0,989.0
32.0,-2.0,232.0,-30.0,-40.0,38.0,111.0,5.0,989.0
32.0,0.0,230.0,-47.0,-43.0,50.0,123.0,7.0,992.0
37.0,0.0,231.0,-57.0,-41.0,55.0,132.0,10.0,999.0
37.0,3.0,232.0,-56.0,-35.0,63.0,139.0,9.0,1003.0
40.0,2.0,233.0,-47.0,-25.0,61.0,153.0,8.0,1004.0
41.0,5.0,234.0,-37.0,-9.0,61.0,158.0,22.0,997.0
49.0,5.0,236.0,-32.0,3.0,60.0,170.0,19.0,1010.0
47.0,2.0,234.0,-28.0,19.0,60.0,176.0,27.0,1010.0
50.0,2.0,235.0,-28.0,38.0,54.0,177.0,22.0,1018.0
49.0,0.0,237.0,-26.0,60.0,49.0,185.0,10.0,1025.0
50.0,1.0,241.0,-22.0,84.0,37.0,176.0,10.0,1029.0
48.0,1.0,241.0,-14.0,103.0,28.0,182.0,4.0,1029.0
50.0,-1.0,241.0,-8.0,121.0,13.0,182.0,3.0,1037.0
48.0,1.0,240.0,9.0,140.0,-3.0,174.0,6.0,1042.0
39.0,6.0,244.0,21.0,155.0,-21.0,144.0,21.0,1035.0
41.0,5.0,245.0,1.0,146.0,-14.0,153.0,16.0,1046.0
42.0,5.0,250.0,-15.0,134.0,-9.0,152.0,24.0,1052.0
41.0,1.0,245.0,-20.0,126.0,-2.0,155.0,21.0,1051.0
44.0,4.0,243.0,-11.0,119.0,-2.0,157.0,25.0,1056.0
42.0,3.0,246.0,-2.0,113.0,2.0,161.0,23.0,1045.0
43.0,5.0,239.0,4.0,109.0,-1.0,160.0,25.0,1042.0
43.0,5.0,241.0,10.0,105.0,2.0,158.0,25.0,1037.0
44.0,5.0,239.0,12.0,102.0,1.0,157.0,26.0,1028.0
43.0,6.0,234.0,15.0,101.0,4.0,157.0,23.0,1029.0
42.0,1.0,235.0,18.0,100.0,3.0,165.0,17.0,1022.0
43.0,1.0,238.0,21.0,105.0,4.0,162.0,13.0,1023.0
44.0,0.0,234.0,26.0,112.0,0.0,164.0,5.0,1017.0
47.0,-3.0,238.0,32.0,119.0,2.0,170.0,2.0,1021.0
45.0,-4.0,239.0,37.0,127.0,-1.0,167.0,-7.0,1024.0
47.0,-4.0,241.0,39.0,136.0,0.0,165.0,-5.0,1020.0
43.0,-1.0,235.0,41.0,148.0,-5.0,163.0,-2.0,1024.0
45.0,-4.0,240.0,40.0,156.0,-3.0,168.0,1.0,1023.0
46.0,0.0,238.0,35.0,165.0,-7.0,170.0,4.0,1023.0
46.0,-2.0,236.0,31.0,173.0,-7.0,171.0,8.0,1030.0
44.0,0.0,240.0,28.0,181.0,-15.0,155.0,12.0,1026.0
43.0,2.0,241.0,27.0,186.0,-15.0,160.0,13.0,1027.0
40.0,2.0,240.0,22.0,190.0,-18.0,147.0,9.0,1029.0
37.0,0.0,240.0,16.0,194.0,-17.0,143.0,13.0,1034.0
36.0,0.0,240.0,12.0,196.0,-22.0,137.0,17.0,1039.0
38.0,-2.0,242.0,9.0,197.0,-20.0,135.0,5.0,1034.0
34.0,0.0,241.0,13.0,199.0,-22.0,126.0,2.0,1036.0
35.0,-4.0,239.0,16.0,198.0,-17.0,124.0,-6.0,1023.0
37.0,-4.0,240.0,21.0,197.0,-15.0,122.0,-8.0,1018.0
35.0,-4.0,233.0,27.0,200.0,-11.0,120.0,-18.0,1008.0
31.0,-3.0,234.0,32.0,200.0,-12.0,118.0,-15.0,1002.0
34.0,-5.0,231.0,34.0,201.0,-7.0,116.0,-16.0,1000.0
31.0,-4.0,234.0,33.0,205.0,-7.0,117.0,-25.0,996.0
29.0,-4.0,236.0,30.0,210.0,-4.0,117.0,-19.0,1005.0
32.0,-6.0,236.0,25.0,215.0,-6.0,113.0,-17.0,1010.0
32.0,-4.0,237.0,19.0,214.0,-4.0,108.0,-13.0,1008.0
27.0,-5.0,236.0,15.0,214.0,-7.0,104.0,-10.0,1012.0
27.0,-4.0,232.0,12.0,211.0,-5.0,107.0,-17.0,1017.0
27.0,-4.0,234.0,9.0,210.0,-7.0,100.0,-12.0,1014.0
25.0,-4.0,238.0,6.0,208.0,-6.0,96.0,-13.0,1019.0
25.0,-3.0,237.0,0.0,207.0,-12.0,95.0,-6.0,1017.0
24.0,-4.0,235.0,-6.0,206.0,-12.0,94.0,-8.0,1022.0
21.0,-3.0,237.0,-13.0,207.0,-17.0,93.0,-6.0,1027.0
23.0,-3.0,238.0,-19.0,205.0,-18.0,83.0,-4.0,1029.0
22.0,-6.0,241.0,-27.0,203.0,-25.0,82.0,-5.0,1036.0
21.0,-3.0,239.0,-32.0,202.0,-25.0,74.0,-15.0,1037.0
21.0,-4.0,243.0,-35.0,199.0,-30.0,79.0,-24.0,1038.0
19.0,-4.0,240.0,-30.0,193.0,-30.0,70.0,-24.0,1032.0
20.0,-7.0,238.0,-28.0,187.0,-34.0,68.0,-29.0,1034.0
19.0,-8.0,241.0,-21.0,179.0,-34.0,69.0,-27.0,1029.0
19.0,-5.0,238.0,-17.0,173.0,-36.0,70.0,-29.0,1028.0
21.0,-5.0,239.0,-14.0,170.0,-36.0,62.0,-26.0,1023.0
19.0,-4.0,235.0,-11.0,166.0,-40.0,65.0,-20.0,1025.0
17.0,-4.0,236.0,-7.0,163.0,-38.0,69.0,-15.0,1017.0
19.0,-4.0,240.0,-9.0,160.0,-41.0,69.0,-12.0,1017.0
19.0,-3.0,238.0,-14.0,158.0,-40.0,71.0,-3.0,1020.0
19.0,0.0,239.0,-19.0,156.0,-42.0,73.0,-1.0,1023.0
19.0,-4.0,242.0,-23.0,151.0,-43.0,64.0,-1.0,1032.0
18.0,-4.0,237.0,-20.0,145.0,-45.0,67.0,-1.0,1028.0
19.0,-3.0,241.0,-13.0,143.0,-41.0,76.0,1.0,1026.0
22.0,0.0,236.0,-12.0,141.0,-42.0,77.0,-2.0,1025.0
22.0,0.0,238.0,-19.0,141.0,-39.0,78.0,5.0,1025.0
19.0,-2.0,240.0,-24.0,143.0,-42.0,68.0,8.0,1028.0
19.0,-1.0,242.0,-28.0,145.0,-41.0,66.0,6.0,1038.0
15.0,-1.0,240.0,-23.0,146.0,-45.0,61.0,-1.0,1027.0
14.0,-1.0,240.0,-14.0,146.0,-45.0,57.0,1.0,1026.0
17.0,-3.0,236.0,-9.0,146.0,-47.0,59.0,2.0,1020.0
17.0,-3.0,237.0,-7.0,149.0,-47.0,62.0,-2.0,1018.0
18.0,-1.0,234.0,-4.0,153.0,-51.0,62.0,9.0,1023.0
20.0,-1.0,240.0,-3.0,157.0,-49.0,64.0,9.0,1014.0
21.0,0.0,237.0,1.0,160.0,-50.0,77.0,10.0,1015.0
19.0,3.0,234.0,6.0,164.0,-46.0,74.0,14.0,1016.0
22.0,3.0,239.0,10.0,164.0,-44.0,83.0,17.0,1015.0
21.0,3.0,237.0,13.0,169.0,-39.0,81.0,21.0,1019.0
23.0,8.0,237.0,17.0,171.0,-36.0,91.0,23.0,1021.0
26.0,6.0,239.0,20.0,178.0,-29.0,94.0,27.0,1024.0
31.0,4.0,236.0,23.0,181.0,-21.0,96.0,28.0,1024.0
27.0,4.0,240.0,29.0,186.0,-13.0,106.0,26.0,1025.0
32.0,6.0,240.0,33.0,191.0,-5.0,114.0,26.0,1026.0
35.0,3.0,239.0,38.0,196.0,5.0,117.0,23.0,1024.0
32.0,3.0,236.0,43.0,203.0,13.0,120.0,17.0,1016.0
35.0,2.0,238.0,46.0,208.0,23.0,125.0,12.0,1017.0
35.0,1.0,238.0,50.0,212.0,30.0,123.0,9.0,1017.0
35.0,1.0,240.0,52.0,217.0,39.0,124.0,6.0,1013.0
32.0,1.0,237.0,51.0,221.0,45.0,123.0,10.0,1019.0
35.0,2.0,239.0,47.0,226.0,51.0,124.0,11.0,1019.0
36.0,-1.0,241.0,43.0,228.0,56.0,120.0,10.0,1025.0
34.0,1.0,238.0,40.0,225.0,62.0,117.0,13.0,1029.0
33.0,3.0,246.0,38.0,221.0,63.0,117.0,13.0,1033.0
33.0,1.0,239.0,37.0,218.0,63.0,108.0,10.0,1038.0
27.0,2.0,241.0,37.0,213.0,61.0,104.0,17.0,1038.0
29.0,2.0,244.0,28.0,211.0,57.0,100.0,16.0,1037.0
24.0,2.0,243.0,19.0,211.0,50.0,91.0,14.0,1037.0
24.0,2.0,243.0,10.0,210.0,43.0,86.0,11.0,1042.0
20.0,3.0,243.0,1.0,210.0,36.0,77.0,11.0,1041.0
17.0,1.0,244.0,-4.0,208.0,31.0,75.0,9.0,1043.0
18.0,-2.0,242.0,-8.0,204.0,27.0,62.0,4.0,1043.0
15.0,-2.0,243.0,-11.0,200.0,23.0,60.0,7.0,1047.0
14.0,-2.0,242.0,-14.0,196.0,18.0,61.0,5.0,1038.0
18.0,-2.0,240.0,-10.0,194.0,18.0,56.0,3.0,1042.0
16.0,-2.0,241.0,-7.0,191.0,15.0,54.0,1.0,1041.0
10.0,-4.0,234.0,-7.0,188.0,14.0,46.0,0.0,1043.0
26.0,-8.0,251.0,-9.0,182.0,13.0,44.0,-3.0,1042.0
9.0,-11.0,242.0,-9.0,175.0,8.0,32.0,-10.0,1038.0
2.0,-2.0,245.0,-9.0,170.0,7.0,20.0,-8.0,1037.0
13.0,-6.0,250.0,-17.0,160.0,6.0,10.0,-7.0,1038.0
14.0,1.0,245.0,-23.0,151.0,6.0,4.0,1.0,1045.0
1.0,-4.0,246.0,-23.0,143.0,4.0,-5.0,-2.0,1046.0
3.0,-4.0,240.0,-18.0,138.0,1.0,6.0,-9.0,1038.0
1.0,-4.0,239.0,-13.0,139.0,1.0,10.0,-12.0,1031.0
3.0,-3.0,237.0,-8.0,134.0,0.0,-1.0,-6.0,1026.0
-2.0,-4.0,236.0,-7.0,123.0,-1.0,-1.0,-7.0,1021.0
-2.0,-3.0,235.0,-6.0,114.0,-1.0,-7.0,-5.0,1013.0
-1.0,-1.0,237.0,-9.0,111.0,-2.0,-4.0,3.0,1022.0
0.0,-1.0,237.0,-14.0,106.0,-1.0,-5.0,6.0,1025.0
2.0,-3.0,242.0,-17.0,101.0,1.0,1.0,3.0,1023.0
3.0,0.0,237.0,-21.0,92.0,6.0,5.0,8.0,1025.0
1.0,1.0,239.0,-27.0,85.0,8.0,8.0,8.0,1025.0
4.0,-2.0,241.0,-32.0,83.0,10.0,7.0,14.0,1035.0
0.0,-3.0,241.0,-34.0,81.0,8.0,5.0,9.0,1036.0
4.0,-3.0,241.0,-32.0,76.0,9.0,6.0,1.0,1032.0
5.0,-3.0,236.0,-29.0,71.0,9.0,7.0,2.0,1033.0
5.0,-3.0,241.0,-29.0,68.0,12.0,8.0,2.0,1028.0
3.0,-3.0,241.0,-29.0,63.0,10.0,9.0,3.0,1031.0
2.0,1.0,240.0,-30.0,59.0,12.0,10.0,4.0,1030.0
6.0,-4.0,242.0,-32.0,56.0,8.0,19.0,4.0,1030.0
5.0,-3.0,240.0,-34.0,53.0,5.0,18.0,0.0,1032.0
10.0,-4.0,244.0,-36.0,50.0,2.0,20.0,-2.0,1032.0
9.0,-2.0,238.0,-33.0,48.0,-2.0,24.0,1.0,1031.0
9.0,-3.0,240.0,-32.0,45.0,-4.0,38.0,-2.0,1026.0
10.0,-3.0,241.0,-31.0,46.0,-7.0,43.0,-3.0,1025.0
15.0,-4.0,242.0,-30.0,47.0,-11.0,43.0,-5.0,1027.0
13.0,-3.0,240.0,-28.0,47.0,-13.0,44.0,-2.0,1025.0
14.0,-4.0,238.0,-25.0,49.0,-18.0,43.0,-3.0,1025.0
9.0,-3.0,237.0,-24.0,48.0,-18.0,46.0,3.0,1025.0
15.0,-3.0,239.0,-27.0,48.0,-22.0,47.0,6.0,1027.0
12.0,0.0,239.0,-28.0,45.0,-25.0,48.0,6.0,1028.0
16.0,-3.0,241.0,-29.0,45.0,-26.0,45.0,6.0,1033.0
14.0,-1.0,237.0,-30.0,47.0,-26.0,45.0,3.0,1033.0
16.0,-2.0,236.0,-30.0,51.0,-20.0,56.0,1.0,1025.0
15.0,-1.0,238.0,-35.0,50.0,-19.0,58.0,7.0,1026.0
15.0,-2.0,242.0,-33.0,41.0,-27.0,55.0,10.0,1030.0
16.0,1.0,240.0,-29.0,38.0,-28.0,56.0,13.0,1028.0
13.0,1.0,241.0,-27.0,35.0,-30.0,60.0,14.0,1030.0
15.0,-1.0,237.0,-23.0,37.0,-31.0,61.0,9.0,1024.0
13.0,0.0,239.0,-22.0,38.0,-33.0,59.0,6.0,1027.0
16.0,-1.0,242.0,-25.0,39.0,-33.0,59.0,11.0,1023.0
19.0,0.0,244.0,-27.0,39.0,-32.0,56.0,8.0,1028.0
16.0,1.0,237.0,-28.0,39.0,-31.0,57.0,10.0,1027.0
18.0,-2.0,238.0,-29.0,40.0,-31.0,62.0,9.0,1031.0
19.0,2.0,240.0,-29.0,39.0,-27.0,56.0,8.0,1029.0
17.0,2.0,240.0,-30.0,40.0,-27.0,56.0,4.0,1027.0
18.0,0.0,241.0,-27.0,39.0,-26.0,58.0,8.0,1029.0
16.0,3.0,241.0,-27.0,40.0,-27.0,58.0,9.0,1030.0
15.0,2.0,239.0,-28.0,40.0,-24.0,58.0,7.0,1027.0
16.0,-2.0,239.0,-26.0,41.0,-23.0,61.0,10.0,1028.0
16.0,-1.0,243.0,-23.0,40.0,-20.0,58.0,6.0,1024.0
16.0,-2.0,239.0,-20.0,41.0,-20.0,53.0,13.0,1027.0
16.0,-2.0,239.0,-18.0,42.0,-17.0,58.0,6.0,1025.0
17.0,1.0,238.0,-17.0,44.0,-17.0,56.0,11.0,1019.0
16.0,-1.0,237.0,-16.0,47.0,-15.0,54.0,15.0,1023.0
17.0,2.0,236.0,-16.0,48.0,-16.0,47.0,15.0,1024.0
13.0,0.0,239.0,-20.0,49.0,-13.0,53.0,11.0,1028.0
14.0,1.0,237.0,-22.0,51.0,-14.0,55.0,9.0,1027.0
15.0,-2.0,240.0,-23.0,50.0,-10.0,52.0,8.0,1033.0
13.0,2.0,239.0,-21.0,50.0,-10.0,54.0,7.0,1027.0
13.0,0.0,238.0,-19.0,47.0,-8.0,51.0,5.0,1024.0
13.0,-2.0,240.0,-16.0,45.0,-8.0,54.0,3.0,1026.0
15.0,-2.0,239.0,-14.0,43.0,-5.0,53.0,5.0,1024.0
12.0,0.0,235.0,-13.0,42.0,-6.0,47.0,4.0,1025.0
11.0,0.0,243.0,-11.0,44.0,-4.0,55.0,6.0,1028.0
15.0,-2.0,245.0,-14.0,47.0,-4.0,56.0,6.0,1034.0
15.0,-3.0,239.0,-15.0,51.0,-1.0,58.0,6.0,1026.0
13.0,-3.0,238.0,-15.0,54.0,-3.0,53.0,2.0,1025.0
15.0,-3.0,239.0,-16.0,55.0,0.0,55.0,4.0,1027.0
15.0,-3.0,236.0,-12.0,58.0,-2.0,59.0,1.0,1029.0
16.0,-3.0,235.0,-11.0,57.0,2.0,56.0,-6.0,1022.0
18.0,2.0,242.0,-11.0,57.0,1.0,59.0,1.0,1024.0
16.0,-1.0,237.0,-8.0,54.0,3.0,57.0,-4.0,1024.0
14.0,-3.0,238.0,-7.0,51.0,2.0,60.0,0.0,1025.0
16.0,-3.0,240.0,-11.0,51.0,5.0,59.0,-2.0,1029.0
17.0,-1.0,240.0,-13.0,52.0,3.0,62.0,-5.0,1031.0
17.0,-3.0,241.0,-13.0,52.0,5.0,65.0,-1.0,1026.0
16.0,-3.0,239.0,-15.0,50.0,4.0,67.0,-7.0,1030.0
16.0,-4.0,240.0,-19.0,50.0,5.0,69.0,1.0,1030.0
18.0,-4.0,238.0,-21.0,50.0,3.0,63.0,-2.0,1029.0
18.0,-3.0,239.0,-18.0,50.0,4.0,67.0,-12.0,1029.0
16.0,-4.0,242.0,-17.0,50.0,2.0,66.0,-5.0,1028.0
19.0,-4.0,238.0,-13.0,49.0,3.0,70.0,-9.0,1022.0
20.0,-3.0,238.0,-11.0,51.0,-1.0,69.0,-2.0,1012.0
18.0,-1.0,236.0,-16.0,57.0,1.0,70.0,-2.0,1022.0
20.0,-2.0,235.0,-24.0,64.0,-1.0,61.0,4.0,1025.0
19.0,-2.0,235.0,-20.0,69.0,0.0,69.0,1.0,1021.0
20.0,-2.0,235.0,-13.0,72.0,-2.0,70.0,-2.0,1019.0
21.0,-4.0,238.0,-14.0,74.0,0.0,70.0,-8.0,1021.0
17.0,-3.0,237.0,-17.0,78.0,-4.0,65.0,0.0,1023.0
19.0,-1.0,240.0,-17.0,80.0,-3.0,59.0,-3.0,1025.0
15.0,0.0,242.0,-16.0,83.0,-6.0,56.0,-1.0,1020.0
16.0,-3.0,240.0,-14.0,83.0,-5.0,58.0,0.0,1023.0
17.0,-1.0,237.0,-10.0,82.0,-7.0,53.0,2.0,1017.0
14.0,-2.0,234.0,-8.0,81.0,-6.0,50.0,2.0,1021.0
15.0,-2.0,237.0,-7.0,83.0,-7.0,53.0,5.0,1017.0
13.0,0.0,239.0,-12.0,85.0,-5.0,56.0,1.0,1025.0
16.0,-2.0,239.0,-15.0,85.0,-7.0,56.0,2.0,1022.0
15.0,-1.0,239.0,-18.0,88.0,-5.0,57.0,7.0,1027.0
15.0,-1.0,240.0,-19.0,89.0,-5.0,53.0,3.0,1026.0
16.0,-2.0,237.0,-20.0,87.0,0.0,54.0,3.0,1030.0
13.0,0.0,241.0,-22.0,85.0,-1.0,54.0,2.0,1027.0
15.0,-2.0,238.0,-25.0,86.0,4.0,55.0,-2.0,1029.0
16.0,0.0,238.0,-28.0,84.0,1.0,53.0,-2.0,1029.0
13.0,-3.0,241.0,-26.0,85.0,4.0,52.0,3.0,1035.0
17.0,-4.0,240.0,-26.0,82.0,1.0,53.0,0.0,1027.0
16.0,-4.0,239.0,-24.0,81.0,3.0,50.0,2.0,1027.0
14.0,-2.0,237.0,-23.0,82.0,0.0,53.0,0.0,1030.0
16.0,-3.0,237.0,-22.0,82.0,3.0,49.0,1.0,1025.0
13.0,-2.0,242.0,-22.0,81.0,-2.0,47.0,-1.0,1024.0
16.0,-1.0,242.0,-20.0,80.0,1.0,48.0,-5.0,1026.0
16.0,-1.0,240.0,-20.0,80.0,-3.0,44.0,1.0,1024.0
15.0,-1.0,238.0,-21.0,81.0,-1.0,50.0,-1.0,1030.0
15.0,-1.0,238.0,-22.0,80.0,-3.0,49.0,5.0,1025.0
15.0,0.0,241.0,-22.0,79.0,-1.0,50.0,10.0,1025.0
17.0,-2.0,239.0,-20.0,80.0,-4.0,47.0,9.0,1029.0
13.0,-2.0,237.0,-19.0,80.0,-2.0,51.0,9.0,1032.0
12.0,-1.0,237.0,-19.0,81.0,-5.0,45.0,5.0,1026.0
12.0,-3.0,239.0,-17.0,80.0,-3.0,46.0,5.0,1030.0
12.0,2.0,237.0,-16.0,79.0,-6.0,49.0,4.0,1027.0
11.0,0.0,240.0,-17.0,78.0,-4.0,42.0,1.0,1026.0
14.0,-2.0,241.0,-18.0,78.0,-7.0,44.0,4.0,1031.0
10.0,-2.0,241.0,-18.0,76.0,-7.0,42.0,2.0,1031.0
11.0,0.0,239.0,-20.0,75.0,-10.0,47.0,5.0,1027.0
13.0,-2.0,242.0,-20.0,73.0,-8.0,44.0,0.0,1037.0
11.0,-2.0,237.0,-20.0,73.0,-12.0,46.0,6.0,1032.0
14.0,-3.0,238.0,-19.0,70.0,-10.0,45.0,-1.0,1030.0
13.0,-3.0,241.0,-19.0,67.0,-14.0,46.0,3.0,1031.0
11.0,-1.0,239.0,-14.0,67.0,-11.0,44.0,2.0,1032.0
12.0,-3.0,241.0,-13.0,67.0,-13.0,42.0,2.0,1023.0
14.0,-3.0,238.0,-13.0,65.0,-11.0,46.0,3.0,1022.0
10.0,-3.0,240.0,-17.0,64.0,-14.0,46.0,0.0,1026.0
12.0,-3.0,243.0,-23.0,64.0,-12.0,43.0,2.0,1024.0
10.0,-3.0,241.0,-25.0,62.0,-15.0,44.0,-3.0,1031.0
11.0,-2.0,238.0,-25.0,63.0,-13.0,43.0,-3.0,1028.0
11.0,-1.0,239.0,-25.0,61.0,-16.0,43.0,-4.0,1028.0
10.0,-1.0,241.0,-23.0,60.0,-14.0,44.0,-1.0,1025.0
12.0,-1.0,240.0,-24.0,60.0,-17.0,42.0,0.0,1027.0
11.0,-3.0,239.0,-24.0,59.0,-14.0,43.0,-2.0,1024.0
11.0,-1.0,238.0,-28.0,57.0,-17.0,41.0,0.0,1031.0
11.0,-1.0,242.0,-31.0,58.0,-16.0,36.0,1.0,1028.0
12.0,-2.0,242.0,-35.0,55.0,-16.0,38.0,1.0,1035.0
13.0,-2.0,243.0,-37.0,52.0,-14.0,41.0,-4.0,1040.0
13.0,-4.0,240.0,-35.0,47.0,-14.0,45.0,-12.0,1032.0
12.0,-3.0,243.0,-29.0,41.0,-11.0,45.0,-7.0,1027.0
10.0,-4.0,242.0,-24.0,37.0,-12.0,36.0,-7.0,1023.0
11.0,-6.0,237.0,-22.0,36.0,-10.0,42.0,-16.0,1023.0
10.0,-3.0,242.0,-19.0,35.0,-11.0,39.0,-6.0,1024.0
12.0,-4.0,238.0,-20.0,35.0,-12.0,40.0,-8.0,1026.0
9.0,-4.0,242.0,-20.0,38.0,-14.0,41.0,-7.0,1028.0
12.0,-2.0,240.0,-22.0,38.0,-10.0,46.0,-6.0,1026.0
13.0,-3.0,240.0,-19.0,39.0,-11.0,47.0,-5.0,1026.0
12.0,-2.0,237.0,-18.0,39.0,-9.0,50.0,-8.0,1023.0
16.0,-1.0,237.0,-23.0,39.0,-9.0,46.0,-7.0,1024.0
15.0,-2.0,241.0,-25.0,39.0,-7.0,53.0,-1.0,1024.0
13.0,-1.0,238.0,-24.0,39.0,-7.0,48.0,-1.0,1025.0
14.0,-2.0,241.0,-26.0,37.0,-2.0,54.0,1.0,1029.0
16.0,-3.0,239.0,-25.0,38.0,-3.0,51.0,0.0,1026.0
15.0,-3.0,240.0,-26.0,38.0,-1.0,50.0,-1.0,1026.0
14.0,-3.0,236.0,-26.0,41.0,-3.0,52.0,-3.0,1025.0
16.0,-3.0,236.0,-28.0,43.0,-2.0,52.0,1.0,1024.0
12.0,-1.0,242.0,-30.0,44.0,-5.0,50.0,2.0,1029.0
15.0,-3.0,241.0,-33.0,46.0,-4.0,47.0,3.0,1027.0
14.0,0.0,239.0,-34.0,45.0,-5.0,50.0,-1.0,1029.0
14.0,-4.0,240.0,-33.0,42.0,-5.0,49.0,-1.0,1029.0
14.0,-4.0,238.0,-34.0,43.0,-8.0,48.0,-2.0,1028.0
12.0,-4.0,237.0,-36.0,42.0,-7.0,43.0,-1.0,1027.0
11.0,-2.0,242.0,-36.0,41.0,-8.0,50.0,-2.0,1031.0
16.0,-3.0,237.0,-36.0,40.0,-7.0,53.0,3.0,1030.0
13.0,-1.0,239.0,-34.0,40.0,-9.0,52.0,-1.0,1028.0
13.0,-4.0,242.0,-30.0,40.0,-7.0,51.0,-1.0,1029.0
12.0,-1.0,238.0,-26.0,40.0,-10.0,55.0,-1.0,1024.0
12.0,-1.0,239.0,-24.0,41.0,-9.0,51.0,-3.0,1025.0
12.0,-2.0,235.0,-23.0,40.0,-10.0,46.0,5.0,1023.0
14.0,-3.0,239.0,-22.0,42.0,-10.0,51.0,3.0,1024.0
12.0,-3.0,237.0,-22.0,44.0,-11.0,41.0,-3.0,1025.0
14.0,-1.0,237.0,-23.0,43.0,-9.0,42.0,4.0,1029.0
14.0,-2.0,239.0,-19.0,42.0,-9.0,54.0,4.0,1031.0
13.0,-1.0,241.0,-18.0,44.0,-7.0,51.0,4.0,1028.0
18.0,-2.0,239.0,-17.0,43.0,-7.0,63.0,8.0,1026.0
15.0,-1.0,240.0,-17.0,46.0,-2.0,60.0,9.0,1035.0
13.0,2.0,240.0,-21.0,39.0,1.0,50.0,6.0,1031.0
17.0,-3.0,244.0,-22.0,35.0,3.0,52.0,7.0,1031.0
11.0,-1.0,237.0,-23.0,34.0,4.0,50.0,2.0,1030.0
16.0,-4.0,241.0,-22.0,33.0,5.0,53.0,0.0,1025.0
15.0,-3.0,236.0,-19.0,32.0,6.0,59.0,-2.0,1026.0
19.0,-1.0,236.0,-14.0,31.0,11.0,65.0,-3.0,1018.0
17.0,1.0,239.0,-11.0,34.0,14.0,66.0,-3.0,1012.0
18.0,-3.0,231.0,-8.0,32.0,17.0,59.0,3.0,1010.0
15.0,-3.0,233.0,-3.0,34.0,19.0,63.0,2.0,1004.0
18.0,-2.0,231.0,-4.0,37.0,22.0,67.0,-8.0,1009.0
19.0,-4.0,235.0,-3.0,42.0,21.0,67.0,-3.0,1007.0
16.0,-2.0,236.0,-7.0,44.0,21.0,61.0,1.0,1009.0
15.0,-3.0,234.0,-10.0,44.0,20.0,58.0,4.0,1017.0
17.0,-3.0,235.0,-12.0,44.0,19.0,52.0,0.0,1011.0
14.0,-2.0,239.0,-14.0,44.0,15.0,47.0,1.0,1024.0
13.0,-3.0,237.0,-17.0,39.0,13.0,44.0,-5.0,1024.0
13.0,-2.0,237.0,-17.0,37.0,11.0,46.0,-5.0,1028.0
13.0,-3.0,241.0,-21.0,34.0,9.0,48.0,-2.0,1029.0
14.0,-2.0,242.0,-22.0,30.0,7.0,46.0,-1.0,1037.0
15.0,-3.0,239.0,-23.0,30.0,6.0,50.0,0.0,1035.0
13.0,-3.0,244.0,-23.0,30.0,3.0,47.0,-4.0,1036.0
13.0,-3.0,240.0,-25.0,30.0,2.0,47.0,-10.0,1039.0
11.0,-3.0,239.0,-26.0,30.0,-1.0,45.0,-11.0,1038.0
15.0,-4.0,240.0,-27.0,29.0,-3.0,45.0,-15.0,1033.0
14.0,-4.0,241.0,-31.0,28.0,-5.0,38.0,-15.0,1034.0
15.0,-4.0,239.0,-28.0,26.0,-5.0,40.0,-18.0,1030.0
12.0,-5.0,239.0,-20.0,26.0,-6.0,44.0,-23.0,1015.0
14.0,-6.0,235.0,-13.0,28.0,-5.0,50.0,-24.0,1017.0
14.0,-4.0,237.0,-14.0,31.0,-6.0,50.0,-20.0,1009.0
15.0,-4.0,234.0,-17.0,39.0,-8.0,51.0,-20.0,1012.0
14.0,-4.0,235.0,-21.0,48.0,-11.0,50.0,-16.0,1014.0
15.0,-4.0,237.0,-19.0,53.0,-13.0,50.0,-19.0,1009.0
14.0,-3.0,231.0,-11.0,60.0,-15.0,50.0,-13.0,1005.0
14.0,-5.0,235.0,-7.0,67.0,-18.0,54.0,-10.0,1005.0
13.0,-3.0,233.0,-9.0,74.0,-18.0,57.0,-8.0,1008.0
15.0,-4.0,235.0,-10.0,80.0,-18.0,56.0,-6.0,1014.0
18.0,-3.0,233.0,-10.0,85.0,-19.0,58.0,-2.0,1022.0
14.0,-2.0,241.0,-7.0,87.0,-20.0,59.0,-2.0,1028.0
13.0,-2.0,239.0,-7.0,88.0,-19.0,57.0,0.0,1024.0
14.0,-2.0,238.0,-6.0,87.0,-20.0,60.0,0.0,1024.0
15.0,-1.0,240.0,-5.0,83.0,-19.0,58.0,2.0,1028.0
17.0,-2.0,237.0,-3.0,84.0,-20.0,59.0,0.0,1027.0
17.0,0.0,244.0,-3.0,81.0,-18.0,59.0,2.0,1032.0
17.0,-1.0,239.0,-1.0,78.0,-16.0,59.0,4.0,1034.0
22.0,-2.0,238.0,-2.0,75.0,-14.0,64.0,1.0,1030.0
18.0,-3.0,238.0,1.0,73.0,-13.0,67.0,0.0,1026.0
19.0,-3.0,237.0,1.0,70.0,-12.0,64.0,0.0,1025.0
18.0,-1.0,236.0,-1.0,69.0,-12.0,62.0,9.0,1022.0
17.0,1.0,236.0,-5.0,68.0,-10.0,62.0,9.0,1022.0
17.0,2.0,240.0,-8.0,68.0,-13.0,61.0,6.0,1023.0
20.0,-2.0,237.0,-9.0,67.0,-12.0,60.0,13.0,1026.0
14.0,2.0,237.0,-11.0,64.0,-11.0,63.0,6.0,1027.0
16.0,2.0,240.0,-12.0,63.0,-8.0,62.0,9.0,1032.0
14.0,-1.0,240.0,-14.0,60.0,-6.0,68.0,5.0,1029.0
18.0,-2.0,238.0,-15.0,60.0,-3.0,69.0,0.0,1035.0
18.0,-1.0,243.0,-14.0,59.0,-4.0,70.0,1.0,1039.0
19.0,-4.0,244.0,-13.0,57.0,0.0,70.0,3.0,1036.0
15.0,-2.0,244.0,-11.0,55.0,1.0,65.0,-2.0,1035.0
15.0,-3.0,240.0,-7.0,55.0,3.0,66.0,-7.0,1029.0
17.0,-2.0,241.0,-2.0,56.0,3.0,59.0,-2.0,1024.0
14.0,-4.0,238.0,2.0,59.0,5.0,62.0,-9.0,1027.0
18.0,-3.0,237.0,3.0,61.0,5.0,59.0,-5.0,1026.0
16.0,0.0,239.0,5.0,62.0,7.0,60.0,-3.0,1022.0
17.0,-5.0,240.0,6.0,64.0,6.0,59.0,-3.0,1025.0
17.0,-4.0,237.0,8.0,67.0,8.0,57.0,-6.0,1017.0
16.0,-2.0,235.0,8.0,71.0,5.0,62.0,6.0,1026.0
17.0,-4.0,239.0,6.0,74.0,6.0,57.0,0.0,1022.0
16.0,-3.0,240.0,4.0,75.0,3.0,57.0,-1.0,1029.0
14.0,-2.0,239.0,5.0,77.0,4.0,58.0,2.0,1028.0
15.0,-4.0,241.0,6.0,79.0,2.0,59.0,3.0,1033.0
15.0,-3.0,239.0,5.0,78.0,5.0,56.0,0.0,1028.0
16.0,-3.0,239.0,4.0,75.0,4.0,55.0,-3.0,1029.0
14.0,-3.0,241.0,3.0,73.0,6.0,55.0,-3.0,1027.0
14.0,-2.0,238.0,2.0,72.0,7.0,58.0,-2.0,1031.0
18.0,-2.0,238.0,1.0,72.0,10.0,60.0,-5.0,1034.0
16.0,-3.0,233.0,0.0,70.0,8.0,55.0,0.0,1030.0
17.0,-3.0,240.0,0.0,70.0,11.0,59.0,-7.0,1028.0
16.0,-2.0,239.0,1.0,70.0,11.0,58.0,-7.0,1028.0
17.0,-3.0,238.0,0.0,70.0,13.0,60.0,-3.0,1031.0
17.0,-4.0,241.0,1.0,69.0,13.0,58.0,-2.0,1027.0
15.0,-4.0,236.0,3.0,68.0,15.0,61.0,-12.0,1023.0
17.0,-4.0,236.0,2.0,68.0,14.0,57.0,-4.0,1025.0
16.0,-1.0,239.0,3.0,69.0,16.0,65.0,-7.0,1023.0
17.0,-4.0,235.0,3.0,69.0,16.0,64.0,-8.0,1025.0
17.0,-2.0,235.0,-1.0,70.0,17.0,60.0,-9.0,1023.0
17.0,-3.0,239.0,-5.0,71.0,14.0,58.0,-9.0,1024.0
16.0,-3.0,238.0,-9.0,73.0,14.0,62.0,-3.0,1028.0
16.0,-3.0,244.0,-12.0,75.0,13.0,61.0,-6.0,1031.0
18.0,-3.0,243.0,-15.0,73.0,15.0,62.0,-7.0,1034.0
16.0,-4.0,241.0,-12.0,69.0,13.0,61.0,-5.0,1033.0
16.0,-2.0,239.0,-10.0,66.0,13.0,70.0,-2.0,1027.0
17.0,-3.0,239.0,-8.0,62.0,11.0,64.0,-7.0,1025.0
15.0,-2.0,240.0,-6.0,63.0,11.0,60.0,-12.0,1024.0
17.0,-3.0,241.0,-9.0,63.0,6.0,60.0,-4.0,1025.0
16.0,-4.0,239.0,-11.0,67.0,8.0,61.0,-3.0,1023.0
16.0,-4.0,238.0,-12.0,68.0,4.0,58.0,-8.0,1025.0
13.0,-4.0,235.0,-10.0,69.0,6.0,60.0,-2.0,1021.0
19.0,-4.0,237.0,-10.0,70.0,2.0,56.0,1.0,1026.0
18.0,-2.0,238.0,-12.0,72.0,5.0,56.0,-3.0,1027.0
18.0,-1.0,239.0,-15.0,73.0,2.0,57.0,2.0,1025.0
19.0,-1.0,241.0,-16.0,76.0,4.0,57.0,5.0,1029.0
19.0,-3.0,238.0,-18.0,78.0,2.0,56.0,5.0,1030.0
14.0,-2.0,239.0,-16.0,77.0,4.0,57.0,0.0,1025.0
17.0,-2.0,240.0,-16.0,76.0,1.0,54.0,0.0,1030.0
15.0,-2.0,240.0,-13.0,78.0,2.0,55.0,2.0,1034.0
14.0,-3.0,242.0,-14.0,79.0,-1.0,51.0,-1.0,1027.0
15.0,-2.0,240.0,-11.0,81.0,2.0,51.0,-4.0,1029.0
12.0,1.0,237.0,-11.0,82.0,-3.0,53.0,0.0,1026.0
13.0,-2.0,239.0,-11.0,85.0,-1.0,51.0,-2.0,1031.0
15.0,-4.0,243.0,-14.0,86.0,-5.0,49.0,-3.0,1026.0
13.0,-2.0,237.0,-13.0,86.0,-1.0,46.0,-1.0,1031.0
14.0,0.0,240.0,-15.0,83.0,-5.0,52.0,5.0,1031.0
18.0,-4.0,237.0,-15.0,83.0,-3.0,56.0,7.0,1028.0
14.0,-4.0,241.0,-14.0,83.0,-5.0,48.0,-8.0,1027.0
12.0,-8.0,240.0,2.0,79.0,-5.0,35.0,-22.0,1025.0
10.0,-8.0,237.0,28.0,68.0,-11.0,26.0,-31.0,1013.0
10.0,-7.0,237.0,31.0,64.0,-10.0,43.0,-34.0,1008.0
15.0,-3.0,236.0,18.0,64.0,-12.0,48.0,-12.0,1006.0
13.0,2.0,239.0,-17.0,77.0,-16.0,42.0,14.0,1031.0
12.0,2.0,247.0,-53.0,85.0,-24.0,40.0,23.0,1049.0
16.0,2.0,242.0,-44.0,82.0,-19.0,43.0,20.0,1047.0
14.0,0.0,242.0,-30.0,82.0,-18.0,45.0,14.0,1042.0
13.0,-1.0,240.0,-24.0,80.0,-14.0,47.0,12.0,1037.0
14.0,6.0,238.0,-24.0,77.0,-15.0,52.0,15.0,1034.0
12.0,-1.0,242.0,-26.0,75.0,-12.0,51.0,13.0,1038.0
15.0,-3.0,241.0,-21.0,74.0,-14.0,45.0,6.0,1036.0
14.0,-3.0,238.0,-13.0,72.0,-10.0,42.0,-5.0,1032.0
14.0,-4.0,234.0,-8.0,69.0,-10.0,47.0,-7.0,1022.0
11.0,-4.0,240.0,-7.0,64.0,-6.0,52.0,-1.0,1019.0
12.0,-2.0,235.0,-9.0,60.0,-8.0,52.0,-2.0,1010.0
13.0,0.0,239.0,-14.0,61.0,-8.0,47.0,-1.0,1013.0
14.0,-2.0,240.0,-18.0,62.0,-9.0,53.0,7.0,1020.0
14.0,-1.0,238.0,-19.0,67.0,-8.0,53.0,1.0,1018.0
12.0,1.0,236.0,-18.0,66.0,-9.0,51.0,1.0,1021.0
15.0,-1.0,238.0,-15.0,65.0,-5.0,52.0,4.0,1019.0
14.0,-1.0,240.0,-13.0,66.0,-7.0,55.0,5.0,1020.0
14.0,0.0,235.0,-10.0,67.0,-4.0,52.0,8.0,1026.0
14.0,-2.0,240.0,-10.0,68.0,-6.0,49.0,5.0,1024.0
15.0,-2.0,241.0,-9.0,69.0,-4.0,52.0,6.0,1023.0
15.0,-3.0,238.0,-10.0,71.0,-4.0,57.0,4.0,1031.0
12.0,-1.0,242.0,-13.0,71.0,0.0,57.0,5.0,1034.0
17.0,0.0,242.0,-14.0,71.0,0.0,55.0,4.0,1034.0
16.0,-3.0,245.0,-14.0,68.0,4.0,56.0,1.0,1038.0
14.0,-3.0,239.0,-12.0,65.0,3.0,57.0,1.0,1039.0
14.0,-4.0,243.0,-8.0,64.0,5.0,55.0,1.0,1031.0
16.0,-3.0,239.0,-5.0,63.0,3.0,56.0,-4.0,1026.0
15.0,-3.0,239.0,-6.0,63.0,6.0,57.0,0.0,1027.0
14.0,-4.0,236.0,-6.0,62.0,4.0,55.0,1.0,1028.0
14.0,-3.0,241.0,-9.0,63.0,7.0,50.0,2.0,1029.0
16.0,-3.0,239.0,-9.0,63.0,5.0,50.0,-4.0,1025.0
12.0,-2.0,238.0,-7.0,60.0,6.0,48.0,-3.0,1031.0
15.0,-4.0,241.0,-5.0,57.0,3.0,54.0,-6.0,1025.0
15.0,-4.0,236.0,-1.0,54.0,4.0,51.0,-11.0,1027.0
13.0,-2.0,237.0,4.0,55.0,1.0,51.0,-8.0,1015.0
15.0,-4.0,236.0,0.0,56.0,3.0,48.0,-12.0,1019.0
13.0,0.0,240.0,-10.0,63.0,-1.0,47.0,2.0,1019.0
13.0,1.0,244.0,-22.0,69.0,0.0,51.0,10.0,1031.0
13.0,0.0,244.0,-30.0,74.0,-5.0,46.0,9.0,1039.0
14.0,-3.0,240.0,-22.0,72.0,-4.0,44.0,6.0,1037.0
10.0,0.0,232.0,-6.0,70.0,-5.0,44.0,-3.0,1023.0
11.0,-4.0,237.0,2.0,66.0,-2.0,40.0,-7.0,1018.0
14.0,-4.0,236.0,4.0,65.0,-5.0,35.0,-2.0,1015.0
13.0,-4.0,236.0,5.0,64.0,-3.0,45.0,-11.0,1015.0
11.0,-2.0,237.0,1.0,68.0,-7.0,42.0,-5.0,1025.0
14.0,0.0,238.0,-6.0,77.0,-5.0,48.0,8.0,1023.0
13.0,-1.0,240.0,-10.0,78.0,-8.0,44.0,4.0,1025.0
16.0,-4.0,239.0,-10.0,77.0,-7.0,44.0,6.0,1025.0
13.0,-3.0,238.0,-6.0,78.0,-10.0,37.0,8.0,1029.0
8.0,1.0,240.0,-5.0,79.0,-11.0,39.0,7.0,1025.0
10.0,0.0,241.0,-9.0,84.0,-20.0,23.0,17.0,1032.0
9.0,1.0,236.0,-10.0,91.0,-24.0,28.0,22.0,1024.0
6.0,3.0,237.0,-7.0,102.0,-29.0,33.0,26.0,1023.0
11.0,1.0,238.0,-8.0,108.0,-29.0,33.0,19.0,1022.0
9.0,3.0,234.0,-9.0,111.0,-30.0,32.0,12.0,1019.0
9.0,-1.0,234.0,-8.0,113.0,-29.0,35.0,9.0,1016.0
9.0,-2.0,235.0,-5.0,110.0,-27.0,35.0,-2.0,1008.0
9.0,-3.0,231.0,1.0,112.0,-22.0,39.0,-10.0,1007.0
14.0,-8.0,235.0,5.0,119.0,-20.0,39.0,-23.0,1022.0
11.0,-4.0,242.0,2.0,123.0,-14.0,36.0,-23.0,1035.0
14.0,-4.0,245.0,-23.0,105.0,-6.0,49.0,-25.0,1047.0
16.0,-4.0,247.0,-35.0,82.0,-1.0,54.0,-16.0,1058.0
15.0,-4.0,250.0,-38.0,64.0,2.0,57.0,-12.0,1054.0
13.0,-2.0,249.0,-41.0,52.0,9.0,60.0,-4.0,1059.0
16.0,-1.0,248.0,-41.0,38.0,10.0,57.0,-2.0,1058.0
16.0,-2.0,245.0,-34.0,28.0,12.0,60.0,3.0,1050.0
17.0,-3.0,247.0,-29.0,24.0,11.0,54.0,5.0,1041.0
14.0,-3.0,246.0,-22.0,23.0,13.0,56.0,2.0,1037.0
16.0,-3.0,239.0,-18.0,21.0,12.0,55.0,-2.0,1025.0
15.0,-4.0,239.0,-10.0,20.0,14.0,58.0,-6.0,1016.0
15.0,-4.0,234.0,-7.0,22.0,10.0,58.0,-15.0,1017.0
17.0,-4.0,238.0,-6.0,27.0,11.0,59.0,-10.0,1011.0
18.0,-4.0,232.0,-5.0,33.0,8.0,60.0,-9.0,1009.0
17.0,-4.0,239.0,-5.0,35.0,9.0,65.0,-8.0,1006.0
20.0,-1.0,233.0,-5.0,42.0,9.0,68.0,-3.0,1008.0
17.0,-1.0,236.0,-7.0,46.0,11.0,63.0,0.0,1012.0
19.0,-3.0,235.0,-10.0,50.0,10.0,65.0,3.0,1021.0
18.0,-2.0,239.0,-12.0,52.0,11.0,59.0,6.0,1026.0
17.0,-2.0,240.0,-10.0,54.0,9.0,59.0,3.0,1025.0
13.0,-2.0,240.0,-10.0,56.0,8.0,59.0,3.0,1030.0
18.0,0.0,241.0,-13.0,56.0,3.0,54.0,4.0,1031.0
12.0,-3.0,240.0,-14.0,58.0,3.0,54.0,-2.0,1033.0
14.0,-3.0,241.0,-14.0,61.0,-3.0,51.0,6.0,1034.0
12.0,0.0,245.0,-16.0,59.0,-3.0,48.0,9.0,1029.0
14.0,-1.0,238.0,-16.0,59.0,-7.0,43.0,3.0,1029.0
10.0,-2.0,238.0,-14.0,60.0,-9.0,41.0,5.0,1034.0
12.0,-2.0,240.0,-11.0,59.0,-11.0,44.0,4.0,1026.0
12.0,-2.0,235.0,-11.0,59.0,-11.0,41.0,3.0,1019.0
14.0,-1.0,235.0,-13.0,61.0,-13.0,41.0,6.0,1019.0
11.0,-1.0,241.0,-17.0,63.0,-10.0,43.0,4.0,1025.0
11.0,-1.0,239.0,-15.0,61.0,-10.0,38.0,3.0,1022.0
9.0,1.0,240.0,-16.0,62.0,-7.0,34.0,3.0,1023.0
11.0,-2.0,239.0,-15.0,64.0,-10.0,37.0,1.0,1024.0
12.0,-3.0,238.0,-15.0,65.0,-9.0,35.0,6.0,1024.0
10.0,-1.0,242.0,-17.0,64.0,-10.0,33.0,4.0,1028.0
7.0,-2.0,238.0,-19.0,64.0,-10.0,33.0,5.0,1039.0
9.0,-4.0,243.0,-17.0,64.0,-11.0,27.0,4.0,1030.0
9.0,-3.0,243.0,-15.0,65.0,-14.0,29.0,2.0,1028.0
13.0,-3.0,240.0,-13.0,63.0,-13.0,34.0,6.0,1025.0
12.0,-2.0,240.0,-17.0,61.0,-11.0,31.0,5.0,1036.0
12.0,-2.0,242.0,-15.0,57.0,-10.0,43.0,7.0,1027.0
11.0,-3.0,240.0,-11.0,51.0,-7.0,42.0,6.0,1030.0
10.0,-1.0,235.0,-8.0,48.0,-7.0,44.0,0.0,1018.0
14.0,-3.0,239.0,-6.0,48.0,-6.0,44.0,3.0,1018.0
13.0,-1.0,236.0,-7.0,49.0,-6.0,46.0,5.0,1024.0
12.0,-2.0,238.0,-10.0,50.0,-5.0,44.0,3.0,1025.0
14.0,-2.0,242.0,-11.0,50.0,-4.0,47.0,0.0,1027.0
13.0,1.0,238.0,-10.0,52.0,-2.0,57.0,2.0,1027.0
15.0,-3.0,241.0,-6.0,50.0,-1.0,51.0,-1.0,1027.0
16.0,-3.0,242.0,-8.0,52.0,1.0,57.0,-4.0,1026.0
16.0,0.0,238.0,-9.0,52.0,1.0,56.0,2.0,1032.0
15.0,-4.0,238.0,-10.0,52.0,3.0,59.0,1.0,1026.0
17.0,-3.0,237.0,-10.0,52.0,2.0,57.0,0.0,1025.0
16.0,-3.0,239.0,-9.0,52.0,2.0,55.0,-2.0,1027.0
17.0,-3.0,240.0,-10.0,52.0,3.0,58.0,3.0,1021.0
15.0,0.0,236.0,-11.0,52.0,2.0,58.0,2.0,1025.0
17.0,-2.0,240.0,-10.0,54.0,1.0,59.0,1.0,1026.0
11.0,-1.0,243.0,-11.0,55.0,1.0,58.0,-3.0,1025.0
18.0,-4.0,243.0,-12.0,57.0,0.0,58.0,0.0,1026.0
15.0,-3.0,236.0,-13.0,60.0,-1.0,57.0,3.0,1024.0
15.0,-3.0,239.0,-13.0,59.0,-3.0,53.0,-5.0,1025.0
16.0,-2.0,239.0,-16.0,60.0,-3.0,51.0,-4.0,1034.0
16.0,-3.0,240.0,-16.0,60.0,-3.0,56.0,-1.0,1030.0
16.0,-3.0,241.0,-17.0,62.0,-3.0,56.0,-2.0,1028.0
15.0,-2.0,239.0,-17.0,61.0,-2.0,50.0,-1.0,1030.0
14.0,-2.0,240.0,-17.0,63.0,-3.0,50.0,2.0,1030.0
14.0,-3.0,239.0,-17.0,62.0,-3.0,54.0,0.0,1032.0
13.0,-1.0,243.0,-17.0,62.0,-3.0,50.0,1.0,1029.0
16.0,-3.0,240.0,-15.0,60.0,-3.0,50.0,-8.0,1026.0
11.0,0.0,240.0,-15.0,59.0,-2.0,50.0,-7.0,1024.0
13.0,-3.0,237.0,-16.0,58.0,-2.0,48.0,-6.0,1025.0
15.0,-2.0,239.0,-17.0,61.0,-2.0,44.0,3.0,1028.0
13.0,-2.0,239.0,-18.0,59.0,-1.0,42.0,2.0,1029.0
12.0,-3.0,241.0,-18.0,59.0,-2.0,44.0,-2.0,1025.0
14.0,-4.0,240.0,-16.0,59.0,-2.0,45.0,-1.0,1031.0
14.0,-3.0,236.0,-17.0,59.0,-2.0,44.0,4.0,1027.0
11.0,-3.0,238.0,-17.0,58.0,-1.0,38.0,2.0,1028.0
14.0,-2.0,237.0,-16.0,58.0,-3.0,38.0,1.0,1027.0
14.0,-4.0,239.0,-17.0,59.0,-2.0,43.0,5.0,1026.0
12.0,0.0,243.0,-20.0,60.0,-2.0,41.0,1.0,1031.0
13.0,-3.0,239.0,-19.0,58.0,-1.0,40.0,0.0,1033.0
12.0,1.0,241.0,-17.0,58.0,-2.0,45.0,2.0,1026.0
14.0,-3.0,245.0,-15.0,56.0,-1.0,48.0,3.0,1033.0
15.0,-2.0,235.0,-13.0,52.0,0.0,48.0,2.0,1029.0
14.0,-3.0,239.0,-9.0,50.0,3.0,45.0,-1.0,1023.0
12.0,-1.0,237.0,-8.0,51.0,2.0,46.0,-1.0,1024.0
14.0,-2.0,238.0,-9.0,51.0,3.0,50.0,-1.0,1026.0
15.0,-3.0,238.0,-12.0,53.0,1.0,44.0,6.0,1025.0
15.0,-3.0,238.0,-19.0,58.0,1.0,43.0,6.0,1026.0
13.0,-1.0,241.0,-21.0,60.0,-1.0,44.0,-1.0,1033.0
13.0,-3.0,240.0,-23.0,61.0,-2.0,45.0,2.0,1031.0
11.0,-1.0,238.0,-24.0,59.0,-5.0,49.0,1.0,1033.0
11.0,-1.0,236.0,-23.0,59.0,-3.0,48.0,-2.0,1033.0
13.0,-3.0,242.0,-20.0,57.0,-5.0,47.0,-1.0,1032.0
13.0,-1.0,236.0,-15.0,54.0,-2.0,46.0,-1.0,1030.0
14.0,-1.0,240.0,-11.0,51.0,-3.0,50.0,-3.0,1027.0
16.0,-2.0,238.0,-8.0,49.0,0.0,55.0,-3.0,1024.0
16.0,-2.0,239.0,-6.0,48.0,0.0,57.0,2.0,1026.0
15.0,-2.0,239.0,-6.0,47.0,3.0,54.0,-5.0,1023.0
15.0,-1.0,235.0,-9.0,47.0,4.0,55.0,2.0,1026.0
15.0,-2.0,239.0,-10.0,48.0,6.0,54.0,-1.0,1027.0
16.0,-2.0,241.0,-12.0,48.0,5.0,54.0,0.0,1026.0
15.0,-2.0,240.0,-7.0,48.0,6.0,52.0,3.0,1025.0
16.0,-1.0,236.0,-3.0,49.0,5.0,56.0,3.0,1023.0
17.0,-2.0,234.0,-3.0,49.0,5.0,57.0,-2.0,1025.0
13.0,0.0,241.0,-10.0,53.0,2.0,52.0,3.0,1030.0
15.0,-2.0,241.0,-21.0,58.0,2.0,51.0,5.0,1037.0
14.0,-2.0,241.0,-24.0,64.0,-2.0,55.0,5.0,1037.0
15.0,0.0,239.0,-16.0,62.0,-1.0,51.0,0.0,1033.0
15.0,-1.0,240.0,-9.0,59.0,-3.0,49.0,-3.0,1031.0
18.0,-2.0,242.0,-8.0,58.0,-3.0,46.0,2.0,1024.0
16.0,-3.0,239.0,-11.0,56.0,-3.0,50.0,0.0,1027.0
14.0,-4.0,238.0,-10.0,55.0,-1.0,54.0,3.0,1025.0
14.0,-2.0,242.0,-9.0,56.0,-4.0,53.0,-10.0,1030.0
15.0,-4.0,240.0,-7.0,57.0,-2.0,51.0,-2.0,1022.0
12.0,-1.0,237.0,-6.0,58.0,-5.0,47.0,-5.0,1020.0
14.0,-4.0,239.0,-7.0,57.0,-3.0,48.0,-1.0,1020.0
15.0,-3.0,239.0,-10.0,59.0,-5.0,50.0,-1.0,1023.0
14.0,-2.0,236.0,-11.0,61.0,-4.0,46.0,6.0,1019.0
16.0,-3.0,239.0,-14.0,62.0,-7.0,44.0,2.0,1029.0
13.0,-3.0,239.0,-15.0,63.0,-5.0,48.0,3.0,1032.0
14.0,-3.0,237.0,-14.0,64.0,-8.0,49.0,6.0,1028.0
15.0,-3.0,239.0,-12.0,64.0,-6.0,46.0,4.0,1023.0
15.0,-2.0,236.0,-11.0,63.0,-7.0,48.0,2.0,1025.0
13.0,-2.0,237.0,-10.0,62.0,-4.0,50.0,2.0,1023.0
14.0,-2.0,237.0,-10.0,61.0,-6.0,52.0,5.0,1020.0
15.0,-1.0,241.0,-11.0,59.0,-3.0,50.0,0.0,1016.0
12.0,-1.0,239.0,-12.0,61.0,-5.0,47.0,6.0,1013.0
13.0,0.0,238.0,-17.0,59.0,-3.0,51.0,-1.0,1025.0
14.0,-3.0,242.0,-18.0,61.0,-5.0,47.0,5.0,1027.0
14.0,-2.0,243.0,-18.0,61.0,-3.0,50.0,4.0,1029.0
15.0,-1.0,238.0,-19.0,65.0,-7.0,52.0,3.0,1031.0
15.0,-1.0,241.0,-18.0,65.0,-4.0,53.0,2.0,1037.0
14.0,0.0,239.0,-19.0,65.0,-7.0,47.0,5.0,1034.0
13.0,-1.0,237.0,-17.0,64.0,-4.0,57.0,4.0,1033.0
16.0,-1.0,241.0,-15.0,61.0,-6.0,55.0,3.0,1034.0
15.0,-4.0,241.0,-14.0,59.0,-2.0,56.0,-1.0,1035.0
13.0,-1.0,243.0,-15.0,58.0,-4.0,55.0,4.0,1029.0
15.0,-1.0,243.0,-16.0,56.0,-3.0,50.0,-7.0,1030.0
11.0,-1.0,239.0,-17.0,55.0,-4.0,54.0,1.0,1034.0
15.0,-1.0,241.0,-19.0,55.0,-3.0,53.0,-3.0,1036.0
15.0,-3.0,241.0,-18.0,54.0,-6.0,55.0,-3.0,1036.0
15.0,-3.0,242.0,-19.0,54.0,-4.0,50.0,-2.0,1036.0
9.0,0.0,242.0,-19.0,54.0,-7.0,50.0,1.0,1034.0
15.0,-4.0,238.0,-18.0,54.0,-5.0,56.0,-11.0,1036.0
16.0,-4.0,241.0,-18.0,52.0,-8.0,55.0,-4.0,1035.0
13.0,-4.0,241.0,-19.0,52.0,-5.0,48.0,-5.0,1035.0
15.0,-2.0,242.0,-19.0,53.0,-7.0,50.0,-4.0,1031.0
16.0,-3.0,239.0,-19.0,51.0,-5.0,50.0,-7.0,1036.0
14.0,-1.0,243.0,-22.0,48.0,-7.0,51.0,-5.0,1033.0
14.0,-4.0,242.0,-24.0,48.0,-4.0,51.0,-2.0,1030.0
10.0,-2.0,241.0,-24.0,46.0,-7.0,54.0,-4.0,1025.0
15.0,-2.0,242.0,-24.0,46.0,-4.0,49.0,-1.0,1029.0
15.0,-3.0,239.0,-24.0,45.0,-7.0,52.0,-10.0,1032.0
11.0,-2.0,239.0,-25.0,43.0,-5.0,51.0,-5.0,1031.0
13.0,-3.0,241.0,-24.0,41.0,-7.0,53.0,-9.0,1030.0
13.0,-3.0,242.0,-20.0,38.0,-4.0,53.0,-8.0,1029.0
14.0,-4.0,236.0,-18.0,36.0,-7.0,54.0,-9.0,1022.0
13.0,-3.0,240.0,-18.0,37.0,-3.0,52.0,-11.0,1028.0
14.0,-3.0,242.0,-19.0,37.0,-7.0,53.0,-8.0,1027.0
13.0,-1.0,239.0,-21.0,38.0,-4.0,51.0,-6.0,1028.0
15.0,-2.0,239.0,-23.0,38.0,-8.0,48.0,-4.0,1026.0
13.0,-3.0,241.0,-25.0,39.0,-5.0,53.0,-5.0,1028.0
16.0,-3.0,240.0,-25.0,38.0,-8.0,49.0,-6.0,1033.0
15.0,-1.0,239.0,-26.0,36.0,-5.0,53.0,-2.0,1026.0
15.0,-6.0,239.0,-25.0,36.0,-8.0,51.0,-7.0,1025.0
15.0,-4.0,241.0,-21.0,35.0,-7.0,49.0,-1.0,1031.0
15.0,-4.0,236.0,-22.0,34.0,-9.0,52.0,-2.0,1025.0
14.0,-2.0,240.0,-24.0,34.0,-4.0,55.0,0.0,1033.0
13.0,-3.0,237.0,-25.0,33.0,-6.0,55.0,-2.0,1029.0
16.0,-1.0,239.0,-21.0,31.0,-2.0,58.0,-2.0,1027.0
16.0,-2.0,240.0,-16.0,28.0,-4.0,57.0,2.0,1024.0
16.0,-2.0,239.0,-16.0,28.0,-3.0,57.0,0.0,1023.0
17.0,-3.0,239.0,-20.0,32.0,-5.0,55.0,7.0,1024.0
16.0,-3.0,236.0,-23.0,34.0,-3.0,57.0,-1.0,1025.0
12.0,-4.0,240.0,-24.0,37.0,-8.0,55.0,2.0,1026.0
16.0,-2.0,241.0,-23.0,40.0,-7.0,55.0,4.0,1023.0
16.0,-1.0,236.0,-23.0,42.0,-10.0,54.0,7.0,1024.0
16.0,-2.0,240.0,-22.0,44.0,-9.0,57.0,7.0,1018.0
15.0,1.0,238.0,-22.0,45.0,-10.0,56.0,5.0,1023.0
21.0,-1.0,239.0,-22.0,45.0,-6.0,58.0,5.0,1022.0
15.0,-4.0,239.0,-21.0,46.0,-8.0,56.0,5.0,1023.0
18.0,-2.0,239.0,-20.0,46.0,-5.0,58.0,8.0,1023.0
17.0,0.0,237.0,-22.0,46.0,-7.0,58.0,3.0,1025.0
15.0,0.0,237.0,-23.0,45.0,-4.0,53.0,6.0,1024.0
16.0,-3.0,239.0,-19.0,45.0,-7.0,56.0,5.0,1025.0
17.0,-3.0,239.0,-18.0,47.0,-5.0,53.0,6.0,1023.0
17.0,-3.0,242.0,-21.0,46.0,-9.0,51.0,5.0,1031.0
15.0,-2.0,242.0,-20.0,48.0,-5.0,53.0,2.0,1035.0
15.0,0.0,242.0,-18.0,48.0,-9.0,56.0,3.0,1032.0
17.0,-3.0,237.0,-16.0,47.0,-5.0,56.0,7.0,1027.0
13.0,-1.0,240.0,-13.0,47.0,-7.0,59.0,4.0,1028.0
17.0,-1.0,238.0,-14.0,47.0,-3.0,60.0,-7.0,1026.0
16.0,-1.0,240.0,-14.0,49.0,-5.0,58.0,4.0,1027.0
16.0,-3.0,239.0,-13.0,50.0,-4.0,56.0,3.0,1034.0
12.0,-4.0,238.0,-15.0,49.0,-4.0,57.0,-6.0,1028.0
15.0,-2.0,239.0,-14.0,48.0,-1.0,55.0,-1.0,1027.0
17.0,-2.0,238.0,-12.0,48.0,-3.0,55.0,-2.0,1028.0
16.0,-3.0,237.0,-12.0,48.0,-2.0,58.0,-7.0,1026.0
17.0,-4.0,237.0,-14.0,49.0,-4.0,54.0,-3.0,1025.0
15.0,-3.0,240.0,-15.0,47.0,-1.0,57.0,-7.0,1028.0
18.0,-2.0,240.0,-14.0,46.0,-3.0,57.0,-8.0,1026.0
18.0,-3.0,241.0,-12.0,44.0,-2.0,52.0,-15.0,1029.0
14.0,-3.0,243.0,-8.0,44.0,-3.0,54.0,-11.0,1026.0
17.0,-4.0,238.0,-7.0,43.0,-2.0,55.0,-9.0,1024.0
16.0,-4.0,233.0,-10.0,44.0,-4.0,54.0,-4.0,1027.0
13.0,-3.0,238.0,-13.0,43.0,-1.0,55.0,-8.0,1026.0
15.0,-4.0,241.0,-16.0,45.0,-4.0,55.0,-11.0,1031.0
16.0,-4.0,238.0,-14.0,43.0,-3.0,54.0,-6.0,1026.0
16.0,-4.0,241.0,-14.0,44.0,-4.0,55.0,-6.0,1021.0
17.0,-2.0,237.0,-15.0,44.0,-1.0,57.0,-9.0,1022.0
16.0,-3.0,238.0,-15.0,43.0,-3.0,54.0,-5.0,1020.0
14.0,-4.0,238.0,-17.0,43.0,-3.0,57.0,-7.0,1024.0
14.0,-3.0,238.0,-18.0,40.0,-4.0,59.0,-6.0,1013.0
16.0,-2.0,240.0,-16.0,39.0,-2.0,55.0,-8.0,1026.0
14.0,-1.0,236.0,-16.0,39.0,-4.0,57.0,-2.0,1026.0
15.0,-2.0,238.0,-15.0,40.0,-2.0,62.0,-2.0,1026.0
17.0,-4.0,237.0,-17.0,41.0,-4.0,55.0,-8.0,1025.0
15.0,-4.0,241.0,-22.0,43.0,-3.0,56.0,-10.0,1027.0
15.0,-1.0,238.0,-25.0,44.0,-6.0,52.0,-4.0,1030.0
17.0,-3.0,241.0,-25.0,46.0,-6.0,52.0,-1.0,1031.0
16.0,-3.0,238.0,-25.0,47.0,-6.0,52.0,-7.0,1032.0
15.0,-4.0,238.0,-26.0,46.0,-6.0,56.0,-4.0,1029.0
16.0,-3.0,240.0,-24.0,46.0,-7.0,57.0,-3.0,1023.0
17.0,-3.0,238.0,-23.0,44.0,-6.0,53.0,-9.0,1029.0
15.0,-4.0,239.0,-21.0,43.0,-6.0,60.0,-7.0,1025.0
18.0,-4.0,237.0,-18.0,41.0,-5.0,59.0,-2.0,1030.0
19.0,-4.0,236.0,-15.0,38.0,-7.0,58.0,-5.0,1020.0
16.0,-1.0,236.0,-15.0,40.0,-5.0,62.0,-8.0,1022.0
19.0,-4.0,242.0,-18.0,40.0,-5.0,57.0,-3.0,1024.0
15.0,-4.0,239.0,-19.0,41.0,-5.0,61.0,-5.0,1025.0
18.0,-4.0,235.0,-21.0,40.0,-4.0,61.0,-8.0,1029.0
19.0,-3.0,237.0,-23.0,41.0,-5.0,59.0,0.0,1033.0
16.0,-2.0,242.0,-29.0,39.0,-6.0,59.0,1.0,1032.0
16.0,-3.0,240.0,-27.0,38.0,-6.0,60.0,-5.0,1033.0
13.0,1.0,239.0,-23.0,38.0,-7.0,61.0,3.0,1030.0
15.0,-1.0,242.0,-20.0,39.0,-6.0,63.0,2.0,1030.0
17.0,-2.0,237.0,-21.0,44.0,-8.0,63.0,-1.0,1026.0
18.0,-3.0,242.0,-22.0,47.0,-8.0,67.0,2.0,1027.0
21.0,-3.0,236.0,-22.0,49.0,-10.0,65.0,-5.0,1026.0
17.0,-4.0,240.0,-18.0,50.0,-9.0,57.0,-9.0,1020.0
16.0,-3.0,235.0,-13.0,50.0,-10.0,56.0,-5.0,1017.0
17.0,-3.0,237.0,-15.0,54.0,-8.0,55.0,-6.0,1025.0
15.0,-3.0,242.0,-18.0,56.0,-9.0,56.0,1.0,1026.0
18.0,-3.0,241.0,-20.0,57.0,-9.0,56.0,-4.0,1029.0
13.0,-2.0,238.0,-17.0,58.0,-11.0,59.0,-7.0,1022.0
17.0,-3.0,239.0,-12.0,57.0,-9.0,55.0,-4.0,1026.0
16.0,-4.0,239.0,-8.0,54.0,-8.0,50.0,-11.0,1026.0
18.0,-4.0,233.0,-5.0,53.0,-8.0,56.0,-5.0,1021.0
18.0,-5.0,241.0,-4.0,52.0,-7.0,58.0,-5.0,1018.0
18.0,-3.0,238.0,-6.0,51.0,-5.0,58.0,-8.0,1020.0
17.0,-3.0,238.0,-9.0,50.0,-3.0,62.0,-5.0,1026.0
17.0,-4.0,240.0,-11.0,50.0,-1.0,60.0,-6.0,1032.0
17.0,-4.0,238.0,-10.0,49.0,1.0,58.0,-8.0,1030.0
19.0,-4.0,237.0,-10.0,48.0,2.0,64.0,-11.0,1026.0
17.0,-4.0,238.0,-9.0,49.0,1.0,60.0,-5.0,1028.0
23.0,-4.0,244.0,-11.0,51.0,2.0,60.0,-12.0,1022.0
2.0,-5.0,238.0,-12.0,50.0,2.0,64.0,-13.0,1025.0
18.0,-4.0,236.0,-13.0,54.0,2.0,63.0,-6.0,1023.0
16.0,-1.0,238.0,-13.0,53.0,1.0,62.0,-7.0,1022.0
18.0,-4.0,237.0,-13.0,52.0,-1.0,66.0,-9.0,1023.0
17.0,-4.0,237.0,-14.0,53.0,-2.0,66.0,-5.0,1023.0
18.0,-3.0,239.0,-17.0,54.0,-4.0,61.0,-4.0,1022.0
17.0,1.0,236.0,-20.0,56.0,-6.0,70.0,-7.0,1027.0
20.0,-4.0,239.0,-21.0,54.0,-3.0,66.0,-6.0,1027.0
19.0,-2.0,238.0,-19.0,54.0,-5.0,65.0,-2.0,1024.0
15.0,-3.0,237.0,-16.0,54.0,-4.0,59.0,-2.0,1023.0
18.0,0.0,239.0,-16.0,51.0,-4.0,66.0,2.0,1020.0
20.0,-3.0,243.0,-15.0,53.0,-4.0,63.0,0.0,1022.0
19.0,1.0,243.0,-13.0,54.0,-4.0,63.0,-2.0,1021.0
20.0,-3.0,238.0,-11.0,56.0,-3.0,64.0,2.0,1022.0
18.0,-1.0,240.0,-13.0,55.0,-2.0,66.0,4.0,1025.0
16.0,-3.0,240.0,-15.0,55.0,-3.0,68.0,4.0,1024.0
18.0,-4.0,235.0,-18.0,56.0,-2.0,61.0,-2.0,1027.0
16.0,0.0,237.0,-16.0,59.0,-4.0,61.0,1.0,1026.0
19.0,-1.0,241.0,-14.0,61.0,-4.0,59.0,0.0,1026.0
16.0,-4.0,240.0,-15.0,62.0,-3.0,56.0,4.0,1021.0
18.0,-4.0,239.0,-14.0,62.0,-2.0,56.0,-3.0,1025.0
16.0,-2.0,241.0,-12.0,63.0,-2.0,61.0,-6.0,1024.0
17.0,-2.0,238.0,-12.0,63.0,-2.0,62.0,-4.0,1024.0
14.0,-3.0,234.0,-10.0,63.0,-1.0,61.0,-1.0,1021.0
20.0,-6.0,235.0,-9.0,62.0,0.0,61.0,-5.0,1019.0
17.0,-4.0,237.0,-6.0,62.0,0.0,61.0,-1.0,1023.0
17.0,-2.0,238.0,-5.0,63.0,2.0,63.0,-1.0,1027.0
19.0,-4.0,237.0,-6.0,64.0,1.0,61.0,-6.0,1023.0
16.0,-3.0,235.0,-5.0,64.0,2.0,63.0,-4.0,1024.0
21.0,-4.0,236.0,-5.0,62.0,1.0,61.0,-4.0,1027.0
17.0,-2.0,239.0,-5.0,63.0,3.0,60.0,-4.0,1024.0
19.0,-3.0,240.0,-5.0,63.0,2.0,64.0,-7.0,1025.0
17.0,-2.0,239.0,-6.0,64.0,2.0,60.0,-5.0,1025.0
23.0,-3.0,245.0,-5.0,65.0,0.0,65.0,-6.0,1026.0
14.0,-3.0,237.0,-4.0,65.0,1.0,62.0,-4.0,1024.0
20.0,0.0,242.0,-5.0,66.0,-1.0,63.0,0.0,1024.0
33.0,2.0,236.0,-6.0,66.0,1.0,59.0,-6.0,1029.0
21.0,-5.0,241.0,-7.0,66.0,-1.0,59.0,-1.0,1026.0
16.0,-3.0,238.0,-7.0,69.0,0.0,59.0,-4.0,1025.0
17.0,-2.0,241.0,-8.0,69.0,-3.0,61.0,-8.0,1026.0
15.0,-1.0,241.0,-11.0,71.0,-3.0,67.0,-2.0,1025.0
16.0,-2.0,239.0,-12.0,70.0,-3.0,61.0,0.0,1026.0
16.0,-4.0,239.0,-11.0,68.0,0.0,61.0,-7.0,1026.0
17.0,-2.0,243.0,-10.0,66.0,-1.0,59.0,-7.0,1024.0
17.0,-4.0,241.0,-9.0,66.0,0.0,58.0,-6.0,1021.0
16.0,-3.0,237.0,-12.0,66.0,-3.0,57.0,-2.0,1018.0
19.0,-3.0,238.0,-11.0,67.0,-2.0,54.0,-5.0,1023.0
16.0,-2.0,237.0,-10.0,67.0,-4.0,57.0,-11.0,1022.0
16.0,-3.0,237.0,-7.0,69.0,-2.0,60.0,-4.0,1023.0
16.0,-4.0,238.0,-3.0,70.0,-3.0,59.0,-2.0,1022.0
20.0,-4.0,236.0,-5.0,69.0,-3.0,57.0,-3.0,1021.0
14.0,-4.0,239.0,-7.0,71.0,-4.0,59.0,-5.0,1026.0
15.0,-4.0,237.0,-8.0,71.0,0.0,60.0,-7.0,1025.0
20.0,-4.0,240.0,-6.0,72.0,-3.0,63.0,-8.0,1022.0
19.0,-4.0,240.0,-5.0,70.0,0.0,58.0,-6.0,1024.0
16.0,-2.0,239.0,-6.0,69.0,-2.0,61.0,-3.0,1028.0
14.0,-2.0,239.0,-8.0,70.0,1.0,59.0,-4.0,1026.0
16.0,-4.0,242.0,-9.0,70.0,-1.0,57.0,-3.0,1027.0
19.0,-3.0,242.0,-9.0,72.0,0.0,57.0,-4.0,1030.0
16.0,-5.0,237.0,-11.0,72.0,-2.0,58.0,0.0,1028.0
18.0,-3.0,235.0,-11.0,73.0,-1.0,57.0,0.0,1025.0
16.0,-2.0,246.0,-10.0,74.0,-3.0,59.0,2.0,1026.0
17.0,-3.0,241.0,-10.0,76.0,1.0,58.0,-3.0,1033.0
15.0,-3.0,239.0,-10.0,75.0,-1.0,60.0,-6.0,1025.0
17.0,-4.0,240.0,-10.0,76.0,2.0,62.0,-8.0,1026.0
17.0,-6.0,234.0,-11.0,74.0,2.0,63.0,-5.0,1025.0
19.0,-4.0,240.0,-10.0,72.0,4.0,64.0,-4.0,1025.0
15.0,-3.0,239.0,-12.0,71.0,3.0,58.0,-7.0,1031.0
19.0,-4.0,239.0,-12.0,71.0,6.0,60.0,-4.0,1027.0
17.0,-3.0,237.0,-10.0,68.0,4.0,56.0,-3.0,1025.0
17.0,-1.0,241.0,-8.0,67.0,4.0,59.0,-5.0,1027.0
18.0,-1.0,241.0,-9.0,68.0,3.0,63.0,0.0,1025.0
18.0,0.0,240.0,-11.0,71.0,5.0,59.0,-1.0,1026.0
15.0,0.0,239.0,-14.0,70.0,4.0,60.0,0.0,1029.0
14.0,0.0,237.0,-17.0,71.0,6.0,53.0,3.0,1034.0
17.0,-3.0,240.0,-16.0,73.0,1.0,52.0,0.0,1037.0
13.0,-4.0,240.0,-14.0,72.0,3.0,54.0,-8.0,1036.0
13.0,-4.0,239.0,-12.0,71.0,1.0,55.0,-1.0,1035.0
15.0,-4.0,242.0,-12.0,70.0,3.0,53.0,-12.0,1026.0
15.0,-4.0,236.0,-11.0,68.0,-1.0,57.0,-7.0,1030.0
15.0,-4.0,242.0,-9.0,66.0,3.0,58.0,-10.0,1031.0
17.0,-4.0,241.0,-7.0,64.0,3.0,60.0,-8.0,1029.0
16.0,-3.0,241.0,-6.0,62.0,4.0,54.0,-1.0,1027.0
20.0,-4.0,243.0,-8.0,61.0,4.0,57.0,0.0,1030.0
15.0,-3.0,236.0,-8.0,59.0,7.0,55.0,1.0,1025.0
18.0,-4.0,237.0,-7.0,61.0,6.0,59.0,0.0,1023.0
18.0,-2.0,240.0,-6.0,62.0,8.0,55.0,4.0,1026.0
17.0,-3.0,239.0,-5.0,62.0,5.0,58.0,3.0,1021.0
15.0,-2.0,236.0,-4.0,61.0,8.0,58.0,-1.0,1021.0
14.0,-3.0,241.0,-1.0,62.0,6.0,55.0,3.0,1022.0
17.0,-3.0,236.0,-1.0,61.0,8.0,55.0,0.0,1024.0
17.0,-1.0,241.0,-1.0,63.0,5.0,59.0,2.0,1026.0
16.0,-4.0,236.0,-2.0,65.0,7.0,57.0,1.0,1029.0
14.0,1.0,237.0,-3.0,66.0,5.0,55.0,-4.0,1029.0
18.0,-2.0,239.0,-3.0,68.0,7.0,58.0,4.0,1025.0
17.0,-2.0,241.0,-9.0,69.0,4.0,59.0,6.0,1031.0
16.0,-3.0,241.0,-10.0,69.0,7.0,59.0,-4.0,1031.0
17.0,-3.0,244.0,-9.0,69.0,6.0,58.0,-1.0,1029.0
18.0,-4.0,239.0,-6.0,68.0,7.0,60.0,3.0,1028.0
19.0,-3.0,238.0,-3.0,67.0,6.0,61.0,-3.0,1028.0
13.0,-2.0,240.0,-1.0,67.0,8.0,58.0,-1.0,1026.0
16.0,-4.0,236.0,1.0,65.0,5.0,59.0,-7.0,1021.0
18.0,-1.0,237.0,2.0,66.0,7.0,56.0,2.0,1019.0
15.0,-4.0,233.0,2.0,66.0,3.0,59.0,-2.0,1018.0
14.0,-3.0,236.0,-2.0,68.0,4.0,61.0,-2.0,1022.0
18.0,-4.0,239.0,-5.0,69.0,1.0,58.0,-2.0,1021.0
16.0,-2.0,239.0,-7.0,72.0,3.0,58.0,-2.0,1027.0
15.0,-4.0,239.0,-8.0,71.0,-1.0,58.0,1.0,1029.0
14.0,-2.0,235.0,-3.0,70.0,1.0,55.0,-7.0,1034.0
15.0,-4.0,236.0,2.0,68.0,-1.0,60.0,-1.0,1024.0
17.0,-2.0,238.0,3.0,70.0,2.0,60.0,0.0,1026.0
14.0,-2.0,242.0,-1.0,71.0,0.0,50.0,4.0,1029.0
15.0,-1.0,241.0,-7.0,76.0,2.0,55.0,6.0,1034.0
18.0,-3.0,242.0,-11.0,79.0,-2.0,54.0,4.0,1039.0
16.0,-3.0,241.0,-6.0,80.0,-1.0,57.0,-4.0,1038.0
13.0,-3.0,242.0,5.0,78.0,-3.0,48.0,-4.0,1027.0
16.0,-3.0,232.0,9.0,76.0,0.0,54.0,-3.0,1023.0
17.0,-3.0,238.0,8.0,77.0,-3.0,54.0,-7.0,1017.0
16.0,-2.0,236.0,5.0,79.0,-1.0,54.0,-8.0,1018.0
18.0,-2.0,235.0,5.0,80.0,-3.0,55.0,-6.0,1022.0
16.0,-4.0,242.0,5.0,83.0,-2.0,56.0,-6.0,1020.0
13.0,-3.0,238.0,3.0,84.0,-4.0,53.0,-6.0,1025.0
14.0,-4.0,240.0,-1.0,84.0,-2.0,55.0,-1.0,1023.0
14.0,-1.0,239.0,-3.0,84.0,-4.0,55.0,-3.0,1030.0
16.0,-2.0,236.0,-3.0,87.0,-1.0,57.0,-6.0,1031.0
14.0,-3.0,243.0,-2.0,88.0,-3.0,55.0,-4.0,1030.0
14.0,-2.0,241.0,-3.0,87.0,-1.0,54.0,-2.0,1035.0
18.0,-5.0,240.0,-6.0,87.0,-3.0,56.0,1.0,1036.0
13.0,-3.0,240.0,-7.0,85.0,1.0,56.0,1.0,1031.0
16.0,-3.0,242.0,-8.0,84.0,0.0,52.0,-3.0,1029.0
15.0,-2.0,239.0,-10.0,81.0,1.0,55.0,-1.0,1028.0
18.0,-4.0,241.0,-14.0,79.0,-1.0,49.0,-3.0,1028.0
15.0,-3.0,240.0,-14.0,79.0,2.0,54.0,-9.0,1027.0
14.0,-3.0,236.0,-14.0,76.0,-2.0,55.0,-11.0,1026.0
17.0,-5.0,237.0,-11.0,74.0,0.0,51.0,-6.0,1027.0
16.0,-4.0,234.0,-8.0,73.0,-4.0,55.0,-13.0,1019.0
15.0,-3.0,236.0,-6.0,73.0,-1.0,55.0,-7.0,1019.0
15.0,-5.0,241.0,-6.0,72.0,-4.0,50.0,-9.0,1022.0
14.0,-1.0,236.0,-9.0,72.0,-3.0,55.0,-2.0,1026.0
16.0,-2.0,236.0,-12.0,72.0,-5.0,50.0,1.0,1022.0
15.0,-1.0,240.0,-13.0,74.0,-3.0,51.0,0.0,1029.0
17.0,-2.0,243.0,-14.0,75.0,-6.0,55.0,9.0,1037.0
15.0,-3.0,241.0,-15.0,76.0,-3.0,52.0,8.0,1031.0
14.0,-3.0,241.0,-15.0,78.0,-6.0,51.0,9.0,1030.0
13.0,-3.0,238.0,-16.0,79.0,-3.0,52.0,4.0,1027.0
17.0,-2.0,241.0,-16.0,78.0,-5.0,47.0,6.0,1035.0
14.0,0.0,240.0,-17.0,75.0,-2.0,54.0,2.0,1035.0
14.0,-3.0,243.0,-15.0,73.0,-3.0,56.0,-1.0,1032.0
14.0,-2.0,240.0,-12.0,70.0,-1.0,50.0,3.0,1033.0
15.0,-3.0,239.0,-12.0,68.0,-2.0,50.0,2.0,1030.0
16.0,-3.0,240.0,-10.0,66.0,2.0,54.0,0.0,1026.0
15.0,-3.0,238.0,-10.0,64.0,0.0,54.0,5.0,1024.0
15.0,-3.0,241.0,-10.0,63.0,2.0,54.0,0.0,1025.0
15.0,-3.0,238.0,-11.0,65.0,-1.0,56.0,6.0,1021.0
15.0,-3.0,238.0,-11.0,66.0,2.0,52.0,0.0,1028.0
14.0,-2.0,237.0,-11.0,66.0,-1.0,55.0,3.0,1027.0
16.0,-1.0,240.0,-10.0,67.0,1.0,51.0,7.0,1029.0
13.0,0.0,238.0,-11.0,68.0,-1.0,46.0,6.0,1029.0
14.0,1.0,236.0,-10.0,68.0,2.0,53.0,2.0,1023.0
16.0,-2.0,238.0,-9.0,68.0,0.0,49.0,-2.0,1032.0
14.0,-1.0,240.0,-10.0,67.0,0.0,50.0,7.0,1028.0
15.0,-1.0,242.0,-10.0,69.0,1.0,51.0,0.0,1027.0
14.0,-1.0,235.0,-11.0,67.0,3.0,52.0,3.0,1029.0
14.0,-1.0,240.0,-11.0,66.0,1.0,52.0,3.0,1027.0
13.0,-1.0,240.0,-9.0,67.0,3.0,56.0,2.0,1026.0
15.0,-3.0,239.0,-10.0,64.0,2.0,51.0,1.0,1025.0
16.0,0.0,239.0,-10.0,64.0,5.0,54.0,1.0,1024.0
14.0,-2.0,240.0,-9.0,64.0,3.0,55.0,4.0,1025.0
16.0,-3.0,242.0,-11.0,64.0,4.0,56.0,-1.0,1030.0
13.0,-2.0,241.0,-10.0,66.0,4.0,54.0,-1.0,1029.0
13.0,-3.0,237.0,-9.0,65.0,3.0,48.0,2.0,1031.0
11.0,0.0,239.0,-10.0,66.0,1.0,53.0,-4.0,1037.0
12.0,-2.0,239.0,-11.0,68.0,1.0,46.0,3.0,1028.0
17.0,0.0,240.0,-11.0,67.0,-1.0,51.0,-5.0,1030.0
16.0,-3.0,240.0,-11.0,64.0,2.0,50.0,5.0,1028.0
14.0,-1.0,237.0,-14.0,61.0,0.0,53.0,2.0,1028.0
13.0,-3.0,238.0,-12.0,60.0,1.0,48.0,0.0,1026.0
17.0,-2.0,237.0,-9.0,57.0,0.0,52.0,-3.0,1025.0
12.0,0.0,236.0,-4.0,53.0,3.0,55.0,0.0,1025.0
16.0,-1.0,239.0,-3.0,54.0,0.0,50.0,7.0,1023.0
15.0,-1.0,239.0,-7.0,55.0,1.0,49.0,-2.0,1023.0
14.0,-2.0,240.0,-10.0,56.0,0.0,51.0,0.0,1027.0
18.0,-3.0,238.0,-9.0,58.0,1.0,54.0,3.0,1027.0
16.0,-2.0,240.0,-9.0,61.0,0.0,53.0,3.0,1023.0
15.0,0.0,241.0,-9.0,64.0,2.0,57.0,3.0,1022.0
17.0,0.0,241.0,-12.0,63.0,0.0,52.0,0.0,1031.0
16.0,-3.0,238.0,-13.0,63.0,0.0,54.0,2.0,1030.0
14.0,-3.0,240.0,-9.0,63.0,-1.0,51.0,0.0,1029.0
14.0,-3.0,237.0,-8.0,66.0,0.0,55.0,-1.0,1029.0
17.0,-4.0,242.0,-8.0,66.0,-3.0,55.0,-4.0,1032.0
14.0,-1.0,237.0,-7.0,68.0,-3.0,51.0,-1.0,1026.0
17.0,-3.0,239.0,-10.0,68.0,-3.0,51.0,0.0,1030.0
14.0,-4.0,240.0,-15.0,68.0,-3.0,54.0,-3.0,1029.0
14.0,-3.0,238.0,-17.0,67.0,-5.0,48.0,-3.0,1030.0
15.0,-4.0,241.0,-15.0,66.0,-3.0,52.0,-1.0,1028.0
13.0,-2.0,239.0,-16.0,65.0,-3.0,50.0,3.0,1027.0
15.0,-2.0,236.0,-17.0,62.0,-1.0,54.0,2.0,1035.0
15.0,-2.0,240.0,-17.0,61.0,-3.0,54.0,-2.0,1028.0
12.0,-3.0,242.0,-14.0,60.0,-1.0,49.0,-4.0,1027.0
14.0,-3.0,242.0,-11.0,58.0,-1.0,51.0,-1.0,1025.0
15.0,-2.0,238.0,-8.0,57.0,0.0,51.0,-1.0,1029.0
15.0,-1.0,239.0,-9.0,57.0,-1.0,49.0,-4.0,1025.0
14.0,-2.0,240.0,-8.0,57.0,1.0,50.0,3.0,1028.0
15.0,-3.0,236.0,-9.0,59.0,-1.0,52.0,2.0,1021.0
12.0,-1.0,238.0,-11.0,59.0,0.0,52.0,3.0,1025.0
15.0,-2.0,246.0,-10.0,62.0,-2.0,50.0,4.0,1028.0
14.0,-1.0,237.0,-10.0,65.0,-2.0,56.0,1.0,1024.0
14.0,0.0,240.0,-12.0,68.0,-3.0,54.0,6.0,1026.0
14.0,-3.0,239.0,-15.0,70.0,-3.0,46.0,4.0,1032.0
15.0,-2.0,242.0,-16.0,71.0,-2.0,53.0,4.0,1037.0
13.0,-3.0,242.0,-16.0,71.0,-2.0,54.0,2.0,1032.0
16.0,-3.0,241.0,-14.0,68.0,-3.0,50.0,4.0,1032.0
13.0,0.0,241.0,-14.0,66.0,-2.0,53.0,2.0,1033.0
13.0,-2.0,238.0,-15.0,64.0,-3.0,55.0,0.0,1028.0
14.0,-2.0,239.0,-14.0,61.0,-3.0,50.0,1.0,1031.0
15.0,-4.0,236.0,-12.0,59.0,-3.0,52.0,-1.0,1026.0
13.0,-4.0,240.0,-11.0,58.0,-4.0,55.0,0.0,1031.0
13.0,-2.0,238.0,-11.0,57.0,-4.0,51.0,-3.0,1027.0
14.0,-2.0,238.0,-9.0,57.0,-3.0,48.0,-2.0,1024.0
15.0,-1.0,237.0,-11.0,56.0,-3.0,47.0,1.0,1024.0
14.0,-3.0,239.0,-12.0,59.0,-3.0,50.0,2.0,1025.0
15.0,-2.0,241.0,-10.0,59.0,-4.0,47.0,4.0,1028.0
13.0,-1.0,238.0,-10.0,58.0,-3.0,52.0,0.0,1027.0
15.0,-1.0,235.0,-9.0,58.0,-1.0,52.0,0.0,1027.0
14.0,0.0,238.0,-10.0,58.0,-1.0,52.0,5.0,1024.0
15.0,-2.0,238.0,-8.0,59.0,0.0,52.0,5.0,1024.0
16.0,-4.0,238.0,-9.0,59.0,0.0,52.0,2.0,1029.0
14.0,-2.0,240.0,-9.0,60.0,1.0,52.0,5.0,1025.0
16.0,-1.0,239.0,-8.0,60.0,0.0,51.0,1.0,1025.0
12.0,-1.0,239.0,-9.0,61.0,0.0,51.0,0.0,1028.0
16.0,0.0,243.0,-15.0,66.0,0.0,49.0,3.0,1032.0
13.0,0.0,237.0,-18.0,68.0,-1.0,47.0,3.0,1034.0
15.0,-3.0,242.0,-20.0,70.0,-1.0,53.0,5.0,1035.0
15.0,-3.0,244.0,-20.0,70.0,-1.0,49.0,2.0,1034.0
14.0,-4.0,239.0,-18.0,68.0,-2.0,55.0,-3.0,1034.0
14.0,-3.0,237.0,-12.0,63.0,-2.0,46.0,-6.0,1035.0
13.0,-2.0,241.0,-7.0,59.0,-1.0,46.0,-6.0,1032.0
13.0,-2.0,240.0,-4.0,56.0,0.0,49.0,-6.0,1025.0
12.0,-1.0,238.0,-1.0,55.0,-2.0,44.0,-10.0,1019.0
13.0,-1.0,239.0,0.0,55.0,-2.0,50.0,-1.0,1022.0
13.0,0.0,235.0,-3.0,54.0,-3.0,50.0,2.0,1024.0
15.0,-2.0,237.0,-6.0,54.0,-3.0,48.0,0.0,1021.0
14.0,-2.0,238.0,-8.0,54.0,-3.0,50.0,5.0,1022.0
18.0,-2.0,239.0,-12.0,56.0,-1.0,49.0,7.0,1025.0
14.0,-2.0,241.0,-13.0,56.0,-2.0,51.0,1.0,1026.0
16.0,-2.0,240.0,-10.0,55.0,-1.0,56.0,8.0,1031.0
16.0,-1.0,239.0,-7.0,56.0,-1.0,54.0,1.0,1025.0
15.0,-2.0,237.0,-6.0,58.0,0.0,54.0,4.0,1022.0
16.0,0.0,238.0,-13.0,62.0,-2.0,51.0,8.0,1029.0
13.0,2.0,243.0,-21.0,67.0,-3.0,55.0,10.0,1038.0
14.0,-3.0,241.0,-23.0,69.0,-5.0,51.0,3.0,1033.0
13.0,-2.0,238.0,-16.0,67.0,-4.0,54.0,6.0,1031.0
15.0,-3.0,238.0,-9.0,65.0,-6.0,49.0,0.0,1023.0
12.0,-3.0,240.0,-7.0,64.0,-4.0,47.0,-2.0,1022.0
13.0,-1.0,236.0,-6.0,63.0,-6.0,51.0,-3.0,1021.0
13.0,-4.0,239.0,-7.0,60.0,-5.0,47.0,-4.0,1024.0
12.0,-5.0,235.0,-4.0,62.0,-6.0,53.0,-1.0,1022.0
13.0,-3.0,241.0,-3.0,62.0,-4.0,44.0,-4.0,1022.0
11.0,-3.0,240.0,-2.0,61.0,-5.0,46.0,5.0,1025.0
13.0,1.0,237.0,-2.0,60.0,-4.0,51.0,-1.0,1023.0
12.0,1.0,239.0,-3.0,61.0,-7.0,51.0,7.0,1027.0
12.0,-2.0,239.0,-6.0,61.0,-5.0,52.0,7.0,1030.0
13.0,-1.0,239.0,-8.0,64.0,-6.0,51.0,7.0,1030.0
13.0,-1.0,240.0,-9.0,65.0,-3.0,48.0,8.0,1035.0
14.0,0.0,243.0,-10.0,64.0,-4.0,56.0,4.0,1032.0
14.0,-1.0,234.0,-8.0,64.0,-2.0,53.0,2.0,1027.0
16.0,-1.0,240.0,-6.0,65.0,-2.0,52.0,1.0,1025.0
15.0,-2.0,236.0,-5.0,63.0,2.0,52.0,-1.0,1024.0
15.0,-2.0,239.0,-6.0,61.0,1.0,51.0,3.0,1015.0
13.0,-1.0,239.0,-5.0,61.0,2.0,52.0,0.0,1024.0
14.0,-3.0,238.0,-4.0,64.0,0.0,53.0,-1.0,1016.0
12.0,-2.0,237.0,-6.0,66.0,0.0,47.0,-6.0,1022.0
14.0,-3.0,239.0,-8.0,66.0,-3.0,49.0,0.0,1022.0
12.0,-2.0,240.0,-10.0,68.0,-3.0,52.0,-1.0,1021.0
14.0,-2.0,236.0,-11.0,70.0,-5.0,51.0,6.0,1025.0
12.0,1.0,238.0,-11.0,71.0,-3.0,53.0,3.0,1030.0
13.0,-3.0,243.0,-10.0,70.0,-5.0,52.0,-1.0,1028.0
13.0,-2.0,238.0,-11.0,71.0,-5.0,48.0,7.0,1025.0
14.0,-2.0,241.0,-10.0,70.0,-6.0,48.0,6.0,1032.0
14.0,-1.0,235.0,-11.0,69.0,-3.0,44.0,1.0,1029.0
13.0,0.0,240.0,-13.0,70.0,-4.0,54.0,4.0,1033.0
12.0,0.0,241.0,-12.0,69.0,-2.0,52.0,3.0,1033.0
14.0,-1.0,237.0,-12.0,67.0,-4.0,55.0,8.0,1032.0
15.0,0.0,237.0,-9.0,64.0,-1.0,53.0,3.0,1024.0
15.0,-2.0,242.0,-9.0,64.0,-3.0,50.0,-2.0,1024.0
13.0,-3.0,237.0,-8.0,63.0,0.0,51.0,2.0,1028.0
15.0,-1.0,239.0,-10.0,63.0,-2.0,49.0,-1.0,1028.0
16.0,-2.0,240.0,-13.0,65.0,0.0,50.0,7.0,1024.0
15.0,-2.0,240.0,-12.0,66.0,-3.0,45.0,5.0,1028.0
15.0,0.0,242.0,-11.0,68.0,-2.0,43.0,7.0,1025.0
15.0,-1.0,242.0,-12.0,71.0,-5.0,49.0,8.0,1028.0
14.0,-3.0,239.0,-14.0,70.0,-3.0,50.0,7.0,1028.0
13.0,1.0,242.0,-14.0,69.0,-5.0,45.0,0.0,1033.0
15.0,-2.0,240.0,-13.0,71.0,-3.0,48.0,1.0,1030.0
14.0,-3.0,242.0,-11.0,72.0,-5.0,46.0,1.0,1037.0
16.0,-4.0,240.0,-12.0,70.0,-2.0,46.0,0.0,1029.0
13.0,-2.0,240.0,-12.0,67.0,-4.0,51.0,5.0,1034.0
15.0,-3.0,238.0,-12.0,65.0,-1.0,50.0,4.0,1029.0
15.0,-1.0,237.0,-13.0,64.0,-3.0,50.0,3.0,1029.0
11.0,-1.0,241.0,-11.0,65.0,0.0,45.0,2.0,1028.0
12.0,-3.0,240.0,-12.0,64.0,-2.0,45.0,4.0,1024.0
14.0,-1.0,239.0,-14.0,64.0,-1.0,50.0,7.0,1030.0
12.0,2.0,237.0,-13.0,64.0,-2.0,53.0,2.0,1030.0
15.0,-2.0,242.0,-14.0,63.0,1.0,46.0,-1.0,1028.0
13.0,-3.0,237.0,-13.0,62.0,0.0,46.0,2.0,1028.0
13.0,-2.0,236.0,-12.0,60.0,2.0,48.0,-2.0,1027.0
16.0,-4.0,239.0,-12.0,59.0,-1.0,48.0,0.0,1025.0
12.0,-1.0,241.0,-11.0,61.0,1.0,46.0,-1.0,1028.0
13.0,-3.0,236.0,-11.0,62.0,-2.0,40.0,4.0,1027.0
13.0,-2.0,240.0,-11.0,62.0,-2.0,46.0,2.0,1025.0
13.0,0.0,240.0,-12.0,62.0,-6.0,44.0,7.0,1026.0
13.0,-1.0,239.0,-17.0,62.0,-3.0,51.0,4.0,1033.0
17.0,-1.0,237.0,-17.0,59.0,-4.0,52.0,5.0,1031.0
15.0,-1.0,236.0,-14.0,58.0,1.0,55.0,6.0,1027.0
15.0,1.0,238.0,-12.0,57.0,-2.0,56.0,4.0,1026.0
14.0,-2.0,241.0,-11.0,57.0,1.0,51.0,0.0,1026.0
12.0,1.0,242.0,-14.0,58.0,-1.0,52.0,7.0,1029.0
16.0,-2.0,240.0,-16.0,59.0,2.0,56.0,6.0,1027.0
13.0,-2.0,237.0,-15.0,60.0,-1.0,55.0,5.0,1032.0
14.0,-3.0,238.0,-14.0,62.0,1.0,53.0,2.0,1029.0
13.0,-3.0,239.0,-12.0,62.0,-1.0,53.0,0.0,1024.0
13.0,0.0,236.0,-11.0,63.0,1.0,47.0,2.0,1024.0
14.0,-2.0,235.0,-10.0,63.0,-2.0,47.0,2.0,1024.0
15.0,-2.0,239.0,-12.0,63.0,-1.0,50.0,3.0,1026.0
13.0,-2.0,237.0,-13.0,63.0,-4.0,51.0,4.0,1021.0
15.0,1.0,241.0,-13.0,64.0,-3.0,45.0,3.0,1030.0
14.0,-3.0,242.0,-13.0,65.0,-6.0,45.0,4.0,1033.0
12.0,-2.0,241.0,-14.0,64.0,-5.0,46.0,4.0,1031.0
16.0,-3.0,238.0,-12.0,62.0,-8.0,46.0,7.0,1030.0
11.0,0.0,238.0,-10.0,61.0,-3.0,46.0,5.0,1028.0
15.0,-3.0,239.0,-9.0,59.0,-6.0,46.0,5.0,1024.0
13.0,-2.0,234.0,-8.0,59.0,-4.0,48.0,4.0,1029.0
13.0,-3.0,237.0,-10.0,58.0,-5.0,49.0,1.0,1026.0
14.0,-3.0,236.0,-10.0,58.0,-2.0,47.0,2.0,1026.0
11.0,-1.0,242.0,-11.0,59.0,-5.0,43.0,6.0,1025.0
13.0,-2.0,239.0,-13.0,61.0,-2.0,48.0,5.0,1027.0
15.0,3.0,242.0,-15.0,61.0,-3.0,49.0,2.0,1028.0
14.0,-1.0,237.0,-17.0,61.0,-2.0,46.0,3.0,1026.0
13.0,-1.0,238.0,-14.0,61.0,-5.0,48.0,3.0,1031.0
15.0,-4.0,240.0,-15.0,62.0,-2.0,51.0,2.0,1030.0
13.0,-4.0,241.0,-16.0,63.0,-5.0,46.0,3.0,1031.0
14.0,-1.0,240.0,-15.0,62.0,0.0,45.0,2.0,1032.0
13.0,-1.0,238.0,-13.0,60.0,-4.0,49.0,-1.0,1029.0
14.0,-2.0,237.0,-13.0,59.0,-2.0,50.0,5.0,1024.0
13.0,-3.0,242.0,-12.0,58.0,-3.0,48.0,6.0,1031.0
14.0,-1.0,239.0,-11.0,57.0,-2.0,52.0,4.0,1028.0
13.0,-1.0,242.0,-12.0,58.0,-4.0,50.0,2.0,1024.0
13.0,-3.0,241.0,-12.0,56.0,1.0,48.0,2.0,1025.0
15.0,-2.0,237.0,-12.0,57.0,-2.0,51.0,6.0,1028.0
11.0,0.0,238.0,-12.0,57.0,1.0,49.0,5.0,1027.0
13.0,-2.0,241.0,-13.0,57.0,-1.0,46.0,0.0,1026.0
14.0,1.0,238.0,-13.0,57.0,2.0,50.0,-1.0,1025.0
13.0,-2.0,241.0,-13.0,55.0,0.0,47.0,-1.0,1029.0
12.0,-1.0,241.0,-11.0,55.0,2.0,45.0,0.0,1025.0
14.0,-2.0,238.0,-10.0,54.0,-1.0,46.0,1.0,1026.0
13.0,0.0,239.0,-11.0,56.0,2.0,44.0,6.0,1024.0
10.0,0.0,239.0,-13.0,57.0,-1.0,48.0,3.0,1023.0
16.0,0.0,239.0,-14.0,58.0,2.0,52.0,3.0,1028.0
11.0,-1.0,237.0,-13.0,59.0,-1.0,49.0,1.0,1030.0
15.0,-3.0,242.0,-15.0,57.0,2.0,52.0,5.0,1023.0
13.0,0.0,238.0,-16.0,56.0,-1.0,48.0,9.0,1026.0
16.0,-1.0,243.0,-17.0,55.0,1.0,52.0,7.0,1030.0
12.0,-2.0,245.0,-17.0,55.0,-1.0,46.0,0.0,1029.0
12.0,-2.0,234.0,-16.0,55.0,1.0,51.0,1.0,1033.0
13.0,-1.0,237.0,-13.0,54.0,0.0,52.0,-3.0,1032.0
11.0,-3.0,237.0,-12.0,52.0,1.0,46.0,3.0,1029.0
15.0,-2.0,238.0,-12.0,52.0,0.0,49.0,4.0,1023.0
13.0,-1.0,240.0,-10.0,53.0,2.0,50.0,4.0,1031.0
11.0,0.0,239.0,-11.0,53.0,0.0,51.0,5.0,1029.0
15.0,-2.0,239.0,-9.0,52.0,3.0,50.0,1.0,1029.0
15.0,-3.0,238.0,-11.0,53.0,0.0,53.0,5.0,1029.0
15.0,-2.0,238.0,-12.0,54.0,2.0,50.0,3.0,1026.0
15.0,-3.0,239.0,-14.0,55.0,-1.0,51.0,1.0,1029.0
14.0,-2.0,240.0,-16.0,58.0,0.0,46.0,5.0,1033.0
12.0,-1.0,243.0,-20.0,61.0,-3.0,51.0,3.0,1031.0
16.0,-2.0,244.0,-22.0,60.0,0.0,47.0,4.0,1039.0
14.0,-3.0,242.0,-19.0,59.0,-3.0,45.0,-3.0,1036.0
16.0,-3.0,243.0,-16.0,57.0,-2.0,48.0,0.0,1029.0
14.0,-3.0,242.0,-13.0,54.0,-2.0,47.0,0.0,1025.0
14.0,-1.0,238.0,-9.0,50.0,-1.0,44.0,-4.0,1023.0
18.0,-2.0,232.0,-5.0,50.0,-3.0,50.0,0.0,1023.0
13.0,-3.0,237.0,-2.0,48.0,-1.0,48.0,3.0,1021.0
16.0,-2.0,234.0,-1.0,46.0,-3.0,49.0,1.0,1024.0
14.0,-2.0,239.0,-2.0,49.0,-3.0,49.0,3.0,1025.0
16.0,1.0,241.0,-2.0,50.0,-3.0,51.0,4.0,1026.0
15.0,-2.0,239.0,-4.0,53.0,0.0,52.0,-1.0,1027.0
14.0,-1.0,241.0,-8.0,53.0,-2.0,55.0,10.0,1032.0
15.0,1.0,245.0,-10.0,53.0,0.0,53.0,7.0,1030.0
14.0,-2.0,241.0,-8.0,50.0,-1.0,54.0,4.0,1039.0
14.0,-1.0,241.0,-4.0,49.0,1.0,56.0,5.0,1029.0
14.0,-1.0,240.0,-1.0,47.0,1.0,54.0,5.0,1027.0
12.0,-1.0,240.0,-3.0,47.0,2.0,51.0,4.0,1024.0
14.0,1.0,239.0,-10.0,50.0,-1.0,46.0,8.0,1028.0
14.0,-3.0,243.0,-16.0,53.0,-2.0,47.0,4.0,1034.0
16.0,-2.0,241.0,-15.0,55.0,-5.0,51.0,2.0,1035.0
15.0,-3.0,241.0,-10.0,52.0,-4.0,48.0,4.0,1029.0
15.0,0.0,242.0,-7.0,51.0,-7.0,46.0,-1.0,1023.0
14.0,-3.0,234.0,-5.0,52.0,-7.0,46.0,1.0,1024.0
12.0,-2.0,234.0,-6.0,52.0,-8.0,50.0,-5.0,1024.0
13.0,-2.0,240.0,-8.0,51.0,-6.0,50.0,4.0,1025.0
16.0,-4.0,241.0,-9.0,50.0,-7.0,51.0,4.0,1026.0
14.0,-1.0,238.0,-9.0,51.0,-7.0,46.0,2.0,1031.0
15.0,-3.0,239.0,-8.0,50.0,-7.0,49.0,4.0,1026.0
13.0,2.0,243.0,-9.0,49.0,-6.0,51.0,5.0,1025.0
11.0,0.0,243.0,-9.0,48.0,-7.0,44.0,4.0,1029.0
15.0,-2.0,240.0,-11.0,49.0,-6.0,48.0,6.0,1033.0
15.0,0.0,243.0,-16.0,50.0,-7.0,51.0,4.0,1032.0
14.0,-2.0,242.0,-17.0,49.0,-7.0,43.0,4.0,1035.0
16.0,-4.0,237.0,-18.0,46.0,-7.0,49.0,3.0,1031.0
15.0,-3.0,236.0,-18.0,43.0,-6.0,48.0,4.0,1028.0
15.0,-3.0,236.0,-18.0,42.0,-5.0,52.0,3.0,1026.0
15.0,-3.0,239.0,-17.0,40.0,-5.0,50.0,6.0,1029.0
14.0,-4.0,238.0,-19.0,39.0,-5.0,55.0,-4.0,1025.0
15.0,-3.0,238.0,-18.0,38.0,-5.0,53.0,4.0,1026.0
14.0,-3.0,236.0,-15.0,39.0,-7.0,51.0,-4.0,1027.0
15.0,-1.0,238.0,-15.0,40.0,-7.0,47.0,4.0,1024.0
12.0,-2.0,240.0,-16.0,41.0,-8.0,51.0,-1.0,1024.0
17.0,-2.0,236.0,-18.0,41.0,-8.0,52.0,5.0,1026.0
13.0,0.0,239.0,-20.0,40.0,-9.0,52.0,4.0,1026.0
16.0,1.0,240.0,-20.0,40.0,-8.0,55.0,5.0,1029.0
15.0,0.0,241.0,-21.0,40.0,-7.0,57.0,5.0,1026.0
17.0,-1.0,239.0,-22.0,40.0,-7.0,53.0,1.0,1026.0
15.0,-2.0,239.0,-23.0,40.0,-10.0,55.0,8.0,1031.0
17.0,2.0,242.0,-24.0,40.0,-9.0,52.0,6.0,1028.0
16.0,-1.0,244.0,-24.0,40.0,-9.0,51.0,5.0,1033.0
14.0,-2.0,241.0,-22.0,39.0,-8.0,57.0,2.0,1028.0
14.0,-2.0,240.0,-20.0,37.0,-8.0,54.0,6.0,1037.0
15.0,-3.0,237.0,-19.0,34.0,-6.0,56.0,3.0,1031.0
13.0,1.0,236.0,-16.0,33.0,-7.0,51.0,6.0,1027.0
16.0,-1.0,239.0,-15.0,33.0,-7.0,54.0,3.0,1026.0
14.0,-3.0,241.0,-14.0,35.0,-5.0,52.0,5.0,1025.0
16.0,1.0,240.0,-14.0,35.0,-6.0,56.0,7.0,1025.0
14.0,0.0,240.0,-16.0,35.0,-6.0,54.0,6.0,1024.0
18.0,-4.0,236.0,-17.0,36.0,-4.0,58.0,2.0,1023.0
15.0,-2.0,239.0,-16.0,36.0,-4.0,52.0,1.0,1024.0
15.0,-1.0,239.0,-16.0,38.0,-4.0,56.0,1.0,1026.0
16.0,-2.0,238.0,-18.0,38.0,-4.0,49.0,-2.0,1025.0
16.0,-2.0,239.0,-17.0,39.0,-3.0,53.0,2.0,1027.0
14.0,-3.0,236.0,-16.0,39.0,-3.0,52.0,-5.0,1023.0
16.0,-2.0,239.0,-15.0,39.0,-5.0,52.0,1.0,1026.0
16.0,-1.0,239.0,-16.0,38.0,-4.0,55.0,4.0,1024.0
19.0,-1.0,241.0,-15.0,37.0,-4.0,56.0,4.0,1025.0
12.0,-1.0,240.0,-15.0,38.0,-4.0,52.0,4.0,1022.0
13.0,0.0,243.0,-15.0,39.0,-3.0,55.0,2.0,1026.0
15.0,-3.0,241.0,-16.0,38.0,-3.0,49.0,4.0,1028.0
16.0,-2.0,241.0,-17.0,38.0,-4.0,56.0,0.0,1028.0
16.0,1.0,238.0,-17.0,39.0,-3.0,59.0,4.0,1027.0
17.0,-3.0,240.0,-16.0,40.0,-3.0,59.0,2.0,1026.0
17.0,-3.0,239.0,-18.0,40.0,-3.0,57.0,1.0,1027.0
17.0,-3.0,243.0,-18.0,41.0,-3.0,59.0,3.0,1030.0
14.0,-2.0,241.0,-20.0,40.0,-2.0,59.0,4.0,1027.0
16.0,-1.0,240.0,-22.0,41.0,-3.0,59.0,-1.0,1023.0
17.0,0.0,238.0,-23.0,42.0,-4.0,53.0,1.0,1028.0
16.0,-2.0,239.0,-23.0,42.0,-5.0,58.0,2.0,1030.0
15.0,-3.0,244.0,-27.0,44.0,-5.0,58.0,-1.0,1025.0
16.0,-2.0,235.0,-27.0,42.0,-5.0,60.0,-5.0,1031.0
16.0,-3.0,236.0,-25.0,40.0,-2.0,60.0,0.0,1026.0
17.0,-4.0,239.0,-21.0,38.0,-3.0,57.0,-5.0,1024.0
15.0,-3.0,236.0,-18.0,39.0,-3.0,57.0,1.0,1024.0
16.0,-3.0,238.0,-18.0,40.0,-5.0,56.0,-3.0,1024.0
15.0,-2.0,239.0,-19.0,42.0,-4.0,59.0,0.0,1024.0
14.0,0.0,237.0,-21.0,43.0,-6.0,57.0,3.0,1022.0
18.0,-3.0,238.0,-23.0,43.0,-6.0,58.0,-1.0,1027.0
19.0,-2.0,239.0,-21.0,44.0,-8.0,61.0,4.0,1024.0
17.0,-1.0,236.0,-22.0,46.0,-8.0,56.0,5.0,1027.0
18.0,-2.0,237.0,-22.0,46.0,-9.0,59.0,4.0,1031.0
19.0,-1.0,240.0,-20.0,47.0,-7.0,60.0,2.0,1029.0
16.0,-3.0,240.0,-21.0,48.0,-8.0,58.0,0.0,1030.0
15.0,-2.0,239.0,-22.0,47.0,-7.0,61.0,7.0,1026.0
13.0,0.0,238.0,-23.0,48.0,-9.0,58.0,7.0,1024.0
15.0,-1.0,240.0,-22.0,50.0,-9.0,57.0,-1.0,1024.0
14.0,-1.0,237.0,-21.0,48.0,-9.0,54.0,4.0,1026.0
17.0,-2.0,241.0,-21.0,48.0,-8.0,55.0,-1.0,1024.0
12.0,-4.0,238.0,-21.0,46.0,-9.0,57.0,0.0,1029.0
17.0,-4.0,240.0,-24.0,46.0,-7.0,56.0,0.0,1026.0
14.0,-1.0,240.0,-25.0,45.0,-9.0,53.0,-3.0,1028.0
15.0,-2.0,238.0,-21.0,44.0,-7.0,52.0,-2.0,1025.0
16.0,-2.0,243.0,-20.0,45.0,-9.0,56.0,-2.0,1033.0
15.0,-3.0,240.0,-21.0,43.0,-7.0,60.0,3.0,1024.0
17.0,-3.0,237.0,-22.0,46.0,-9.0,60.0,-2.0,1026.0
12.0,-3.0,239.0,-22.0,44.0,-7.0,59.0,3.0,1026.0
18.0,-2.0,242.0,-24.0,44.0,-6.0,62.0,-1.0,1026.0
18.0,-3.0,241.0,-23.0,43.0,-4.0,58.0,4.0,1027.0
18.0,-3.0,240.0,-23.0,43.0,-7.0,65.0,4.0,1024.0
20.0,-2.0,239.0,-24.0,44.0,-4.0,59.0,6.0,1025.0
16.0,-1.0,240.0,-22.0,46.0,-7.0,60.0,4.0,1024.0
18.0,-3.0,239.0,-20.0,46.0,-4.0,63.0,3.0,1027.0
15.0,-1.0,240.0,-21.0,47.0,-6.0,59.0,3.0,1026.0
16.0,-1.0,239.0,-22.0,45.0,-4.0,56.0,0.0,1022.0
16.0,-1.0,238.0,-24.0,47.0,-5.0,60.0,4.0,1033.0
18.0,-3.0,243.0,-23.0,46.0,-4.0,59.0,6.0,1028.0
18.0,-4.0,241.0,-21.0,46.0,-6.0,58.0,2.0,1028.0
17.0,-3.0,237.0,-21.0,43.0,-5.0,56.0,-1.0,1026.0
18.0,-3.0,241.0,-20.0,43.0,-7.0,57.0,1.0,1028.0
17.0,-4.0,237.0,-18.0,43.0,-5.0,60.0,-5.0,1023.0
17.0,-2.0,238.0,-17.0,42.0,-6.0,58.0,-2.0,1025.0
16.0,0.0,237.0,-16.0,42.0,-5.0,59.0,1.0,1025.0
18.0,-3.0,237.0,-15.0,44.0,-4.0,59.0,-7.0,1022.0
17.0,-1.0,238.0,-13.0,45.0,-2.0,59.0,0.0,1023.0
20.0,-4.0,238.0,-13.0,46.0,-5.0,62.0,-1.0,1026.0
17.0,-2.0,237.0,-16.0,48.0,-2.0,59.0,5.0,1025.0
20.0,-3.0,240.0,-15.0,47.0,-5.0,59.0,1.0,1028.0
17.0,-2.0,243.0,-18.0,46.0,-2.0,62.0,-4.0,1027.0
15.0,-3.0,238.0,-20.0,47.0,-4.0,59.0,1.0,1028.0
16.0,-3.0,238.0,-20.0,47.0,-2.0,60.0,2.0,1029.0
17.0,0.0,244.0,-20.0,45.0,-4.0,63.0,4.0,1028.0
16.0,-3.0,240.0,-18.0,45.0,-1.0,66.0,-3.0,1024.0
18.0,-4.0,238.0,-17.0,46.0,-3.0,62.0,-3.0,1026.0
18.0,-1.0,240.0,-18.0,46.0,2.0,62.0,-3.0,1022.0
18.0,-1.0,242.0,-18.0,45.0,-1.0,66.0,0.0,1028.0
16.0,-3.0,240.0,-20.0,45.0,2.0,60.0,-2.0,1023.0
16.0,-3.0,240.0,-22.0,46.0,-1.0,62.0,1.0,1021.0
18.0,-4.0,242.0,-21.0,43.0,0.0,57.0,-7.0,1025.0
15.0,-2.0,237.0,-21.0,41.0,1.0,60.0,-3.0,1031.0
18.0,-4.0,235.0,-18.0,41.0,3.0,64.0,-4.0,1030.0
15.0,-2.0,240.0,-16.0,40.0,2.0,63.0,-11.0,1034.0
17.0,-4.0,239.0,-17.0,39.0,4.0,64.0,-7.0,1026.0
16.0,-3.0,240.0,-18.0,40.0,2.0,63.0,-2.0,1026.0
20.0,-2.0,241.0,-19.0,42.0,3.0,60.0,0.0,1023.0
17.0,-4.0,241.0,-23.0,44.0,0.0,63.0,1.0,1026.0
16.0,-3.0,237.0,-25.0,46.0,2.0,63.0,-5.0,1033.0
18.0,-2.0,243.0,-25.0,47.0,-2.0,63.0,-5.0,1027.0
19.0,-3.0,238.0,-25.0,46.0,0.0,65.0,-8.0,1028.0
20.0,-4.0,239.0,-22.0,47.0,-3.0,66.0,-8.0,1028.0
19.0,-4.0,240.0,-17.0,43.0,0.0,66.0,-6.0,1025.0
19.0,-3.0,235.0,-15.0,41.0,-2.0,66.0,-5.0,1016.0
19.0,-4.0,237.0,-13.0,41.0,1.0,61.0,-10.0,1023.0
17.0,-1.0,241.0,-14.0,41.0,-2.0,64.0,-5.0,1021.0
20.0,-3.0,235.0,-15.0,39.0,0.0,63.0,-1.0,1021.0
18.0,-3.0,238.0,-15.0,40.0,-4.0,58.0,3.0,1025.0
18.0,-3.0,239.0,-18.0,42.0,-3.0,65.0,1.0,1024.0
15.0,1.0,239.0,-21.0,41.0,-5.0,61.0,6.0,1029.0
20.0,-3.0,236.0,-23.0,43.0,-4.0,58.0,-1.0,1035.0
16.0,-3.0,240.0,-24.0,43.0,-8.0,62.0,-4.0,1034.0
18.0,-1.0,239.0,-23.0,41.0,-6.0,60.0,1.0,1028.0
21.0,-4.0,239.0,-21.0,42.0,-8.0,65.0,0.0,1026.0
19.0,-2.0,237.0,-17.0,41.0,-6.0,71.0,-5.0,1020.0
17.0,-2.0,236.0,-15.0,42.0,-6.0,65.0,-10.0,1020.0
18.0,-1.0,236.0,-17.0,45.0,-4.0,66.0,-1.0,1020.0
18.0,0.0,240.0,-19.0,50.0,-8.0,67.0,4.0,1025.0
18.0,-3.0,234.0,-15.0,53.0,-8.0,65.0,2.0,1019.0
17.0,-1.0,238.0,-10.0,54.0,-10.0,61.0,4.0,1021.0
18.0,0.0,239.0,-10.0,57.0,-8.0,61.0,5.0,1016.0
17.0,-3.0,240.0,-11.0,59.0,-11.0,62.0,2.0,1016.0
19.0,-3.0,236.0,-11.0,60.0,-9.0,59.0,4.0,1025.0
16.0,-3.0,237.0,-12.0,60.0,-10.0,62.0,-2.0,1024.0
19.0,-3.0,239.0,-10.0,62.0,-6.0,61.0,4.0,1023.0
17.0,-2.0,235.0,-9.0,60.0,-8.0,60.0,3.0,1022.0
18.0,-2.0,239.0,-7.0,57.0,-4.0,60.0,-2.0,1023.0
19.0,-3.0,239.0,-6.0,56.0,-5.0,70.0,-4.0,1022.0
19.0,-3.0,241.0,-6.0,57.0,-1.0,63.0,-7.0,1025.0
16.0,1.0,244.0,-7.0,56.0,-3.0,61.0,3.0,1028.0
20.0,-3.0,241.0,-8.0,58.0,0.0,62.0,0.0,1026.0
22.0,-4.0,240.0,-8.0,57.0,-2.0,67.0,-4.0,1020.0
17.0,-3.0,237.0,-9.0,58.0,1.0,66.0,-7.0,1025.0
16.0,-4.0,238.0,-9.0,57.0,0.0,68.0,-6.0,1024.0
20.0,-4.0,236.0,-11.0,58.0,2.0,66.0,-4.0,1021.0
18.0,-4.0,235.0,-13.0,62.0,0.0,71.0,0.0,1023.0
19.0,-4.0,241.0,-13.0,63.0,1.0,64.0,-8.0,1024.0
18.0,-3.0,238.0,-13.0,63.0,-2.0,60.0,-8.0,1024.0
16.0,-3.0,238.0,-13.0,62.0,0.0,63.0,-9.0,1025.0
19.0,-4.0,235.0,-12.0,59.0,-3.0,62.0,-3.0,1020.0
15.0,-2.0,238.0,-11.0,61.0,-1.0,64.0,-7.0,1024.0
17.0,0.0,237.0,-12.0,60.0,-3.0,64.0,-3.0,1023.0
17.0,-4.0,236.0,-14.0,60.0,-2.0,65.0,1.0,1027.0
18.0,-1.0,238.0,-13.0,58.0,-5.0,60.0,-1.0,1021.0
19.0,-3.0,236.0,-13.0,60.0,-3.0,68.0,4.0,1023.0
17.0,-3.0,238.0,-12.0,60.0,-4.0,66.0,3.0,1023.0
18.0,-2.0,235.0,-12.0,61.0,-1.0,66.0,-1.0,1026.0
19.0,-3.0,241.0,-10.0,61.0,-3.0,61.0,1.0,1024.0
18.0,0.0,237.0,-10.0,61.0,-1.0,62.0,4.0,1023.0
16.0,-2.0,240.0,-10.0,63.0,-3.0,63.0,5.0,1023.0
16.0,-1.0,239.0,-8.0,63.0,0.0,58.0,2.0,1025.0
20.0,-3.0,243.0,-9.0,62.0,-2.0,61.0,0.0,1022.0
17.0,-4.0,238.0,-10.0,64.0,1.0,64.0,-3.0,1025.0
16.0,-3.0,233.0,-9.0,63.0,0.0,63.0,4.0,1024.0
19.0,-2.0,238.0,-9.0,64.0,2.0,61.0,1.0,1025.0
19.0,-5.0,239.0,-10.0,64.0,1.0,62.0,-2.0,1024.0
20.0,-3.0,239.0,-10.0,66.0,2.0,61.0,5.0,1020.0
18.0,-4.0,238.0,-9.0,65.0,0.0,62.0,-1.0,1024.0
19.0,-1.0,242.0,-10.0,67.0,4.0,63.0,0.0,1025.0
17.0,-2.0,238.0,-10.0,67.0,0.0,65.0,1.0,1025.0
18.0,-3.0,239.0,-11.0,68.0,3.0,62.0,-3.0,1029.0
16.0,-2.0,239.0,-12.0,67.0,1.0,66.0,-4.0,1022.0
19.0,-2.0,239.0,-11.0,69.0,2.0,63.0,0.0,1026.0
21.0,-4.0,237.0,-10.0,68.0,2.0,59.0,2.0,1028.0
18.0,1.0,240.0,-8.0,67.0,3.0,65.0,-5.0,1026.0
19.0,-3.0,242.0,-7.0,67.0,2.0,59.0,0.0,1025.0
19.0,-3.0,241.0,-10.0,67.0,5.0,62.0,-4.0,1029.0
18.0,-4.0,238.0,-11.0,67.0,3.0,64.0,-10.0,1028.0
18.0,-4.0,241.0,-10.0,66.0,4.0,62.0,-8.0,1029.0
16.0,-4.0,241.0,-9.0,66.0,3.0,58.0,-3.0,1031.0
17.0,-2.0,239.0,-10.0,66.0,3.0,63.0,-4.0,1027.0
17.0,-3.0,241.0,-9.0,66.0,2.0,64.0,0.0,1025.0
18.0,-2.0,236.0,-9.0,65.0,3.0,63.0,-4.0,1028.0
18.0,-4.0,242.0,-11.0,68.0,2.0,64.0,-4.0,1025.0
20.0,-2.0,240.0,-12.0,68.0,2.0,65.0,-3.0,1028.0
21.0,-2.0,240.0,-14.0,69.0,0.0,65.0,-6.0,1029.0
17.0,-3.0,238.0,-13.0,68.0,2.0,67.0,-1.0,1027.0
19.0,-4.0,240.0,-11.0,65.0,1.0,68.0,-4.0,1027.0
21.0,-4.0,238.0,-9.0,62.0,5.0,65.0,-3.0,1025.0
17.0,-4.0,237.0,-5.0,62.0,4.0,67.0,-7.0,1023.0
17.0,-2.0,238.0,-6.0,63.0,4.0,62.0,-3.0,1019.0
18.0,-3.0,236.0,-8.0,62.0,3.0,65.0,-1.0,1025.0
19.0,-3.0,238.0,-11.0,64.0,2.0,60.0,0.0,1023.0
17.0,0.0,238.0,-11.0,66.0,0.0,64.0,1.0,1025.0
16.0,-3.0,240.0,-5.0,68.0,1.0,62.0,2.0,1023.0
17.0,-4.0,235.0,-5.0,70.0,0.0,62.0,-1.0,1021.0
19.0,-3.0,239.0,-5.0,72.0,2.0,66.0,1.0,1020.0
19.0,-1.0,238.0,-8.0,74.0,0.0,65.0,4.0,1027.0
19.0,-2.0,236.0,-10.0,73.0,2.0,60.0,-4.0,1024.0
14.0,-1.0,233.0,-9.0,74.0,1.0,61.0,1.0,1025.0
16.0,-1.0,243.0,-10.0,76.0,2.0,58.0,-1.0,1021.0
15.0,-2.0,238.0,-10.0,75.0,1.0,60.0,-3.0,1022.0
17.0,-3.0,237.0,-10.0,77.0,1.0,58.0,1.0,1026.0
16.0,-3.0,238.0,-10.0,78.0,0.0,57.0,4.0,1019.0
18.0,-4.0,234.0,-9.0,77.0,0.0,57.0,5.0,1025.0
15.0,-1.0,239.0,-5.0,77.0,-1.0,59.0,-1.0,1027.0
18.0,-1.0,239.0,0.0,78.0,0.0,63.0,-2.0,1025.0
15.0,-1.0,242.0,3.0,78.0,0.0,60.0,3.0,1023.0
16.0,-1.0,237.0,2.0,80.0,2.0,66.0,-1.0,1023.0
16.0,-3.0,239.0,1.0,79.0,3.0,61.0,-1.0,1024.0
19.0,-2.0,242.0,-3.0,81.0,5.0,60.0,4.0,1026.0
15.0,0.0,240.0,-8.0,83.0,3.0,59.0,4.0,1037.0
17.0,-3.0,241.0,-11.0,86.0,3.0,56.0,-2.0,1033.0
16.0,0.0,244.0,-12.0,86.0,3.0,58.0,4.0,1033.0
19.0,-2.0,239.0,-11.0,85.0,7.0,61.0,-3.0,1030.0
18.0,-2.0,241.0,-10.0,82.0,7.0,64.0,-3.0,1033.0
18.0,-2.0,239.0,-8.0,82.0,8.0,63.0,-1.0,1035.0
14.0,-3.0,238.0,-3.0,80.0,8.0,65.0,-7.0,1029.0
18.0,-3.0,246.0,0.0,76.0,8.0,62.0,-7.0,1025.0
16.0,-4.0,240.0,2.0,75.0,8.0,60.0,-9.0,1023.0
15.0,-4.0,236.0,1.0,74.0,7.0,59.0,-8.0,1015.0
18.0,-4.0,241.0,1.0,73.0,6.0,65.0,-9.0,1011.0
17.0,-4.0,236.0,2.0,73.0,5.0,64.0,-13.0,1022.0
19.0,-3.0,236.0,-1.0,77.0,4.0,66.0,-2.0,1024.0
16.0,-2.0,239.0,-1.0,79.0,2.0,64.0,0.0,1019.0
15.0,-3.0,239.0,-3.0,80.0,1.0,60.0,4.0,1028.0
19.0,-1.0,239.0,-6.0,81.0,2.0,62.0,4.0,1024.0
18.0,-1.0,239.0,-7.0,81.0,3.0,64.0,8.0,1024.0
20.0,-2.0,242.0,-10.0,84.0,2.0,64.0,6.0,1031.0
15.0,-2.0,239.0,-13.0,85.0,2.0,58.0,2.0,1035.0
15.0,-3.0,241.0,-15.0,86.0,2.0,53.0,-2.0,1032.0
16.0,-5.0,245.0,-14.0,84.0,3.0,55.0,-2.0,1036.0
16.0,-3.0,240.0,-13.0,82.0,3.0,48.0,-5.0,1033.0
14.0,-3.0,241.0,-14.0,81.0,2.0,52.0,-3.0,1030.0
12.0,-4.0,242.0,-17.0,80.0,4.0,54.0,-4.0,1030.0
15.0,-3.0,240.0,-20.0,75.0,3.0,52.0,-2.0,1030.0
14.0,-3.0,238.0,-22.0,71.0,3.0,55.0,1.0,1032.0
13.0,-1.0,238.0,-19.0,68.0,5.0,59.0,0.0,1028.0
17.0,-4.0,239.0,-18.0,65.0,4.0,58.0,-4.0,1025.0
18.0,-3.0,238.0,-15.0,64.0,7.0,62.0,-3.0,1023.0
17.0,-2.0,236.0,-7.0,64.0,7.0,62.0,-2.0,1009.0
16.0,-4.0,232.0,-3.0,63.0,8.0,58.0,-1.0,1013.0
17.0,-3.0,237.0,-5.0,66.0,8.0,61.0,-2.0,1006.0
14.0,0.0,237.0,-9.0,68.0,5.0,56.0,-7.0,1022.0
18.0,-3.0,239.0,-13.0,69.0,4.0,48.0,-4.0,1027.0
18.0,-3.0,238.0,-15.0,68.0,3.0,57.0,-6.0,1027.0
16.0,-3.0,240.0,-16.0,70.0,-1.0,58.0,2.0,1025.0
16.0,-2.0,239.0,-17.0,73.0,-2.0,53.0,4.0,1027.0
17.0,-4.0,239.0,-19.0,77.0,-6.0,53.0,6.0,1028.0
16.0,-2.0,239.0,-24.0,81.0,-8.0,49.0,9.0,1038.0
15.0,-2.0,246.0,-27.0,83.0,-10.0,51.0,7.0,1039.0
17.0,-1.0,242.0,-24.0,83.0,-12.0,56.0,11.0,1037.0
6.0,3.0,242.0,-16.0,82.0,-11.0,57.0,4.0,1039.0
26.0,2.0,242.0,-4.0,79.0,-9.0,58.0,0.0,1027.0
15.0,-2.0,226.0,4.0,78.0,-7.0,56.0,-3.0,1018.0
15.0,4.0,243.0,7.0,77.0,-3.0,56.0,-7.0,1012.0
0.0,-9.0,234.0,8.0,74.0,0.0,54.0,-6.0,1011.0
30.0,-12.0,233.0,8.0,73.0,4.0,54.0,-10.0,1014.0
21.0,0.0,224.0,5.0,72.0,4.0,53.0,-3.0,1009.0
13.0,-1.0,237.0,-3.0,76.0,6.0,52.0,2.0,1013.0
16.0,1.0,238.0,-18.0,81.0,3.0,45.0,8.0,1024.0
13.0,-2.0,240.0,-28.0,84.0,2.0,56.0,10.0,1033.0
16.0,1.0,238.0,-31.0,86.0,-1.0,57.0,7.0,1039.0
17.0,-1.0,242.0,-29.0,85.0,0.0,56.0,7.0,1041.0
17.0,-3.0,248.0,-25.0,83.0,-3.0,53.0,3.0,1042.0
15.0,-3.0,247.0,-18.0,79.0,0.0,59.0,2.0,1041.0
14.0,-3.0,240.0,-11.0,75.0,0.0,57.0,-5.0,1036.0
16.0,-3.0,240.0,-7.0,71.0,2.0,61.0,-2.0,1029.0
15.0,-3.0,239.0,-13.0,68.0,3.0,56.0,-7.0,1028.0
16.0,-4.0,240.0,-24.0,70.0,3.0,56.0,-6.0,1035.0
13.0,-4.0,238.0,-27.0,73.0,0.0,58.0,-9.0,1030.0
16.0,-3.0,240.0,-17.0,71.0,1.0,60.0,-12.0,1024.0
19.0,-4.0,237.0,-13.0,70.0,0.0,57.0,-5.0,1019.0
15.0,1.0,239.0,-15.0,69.0,0.0,57.0,-2.0,1021.0
16.0,-3.0,237.0,-16.0,69.0,-1.0,56.0,4.0,1026.0
16.0,0.0,241.0,-17.0,71.0,-1.0,56.0,-5.0,1023.0
17.0,-2.0,241.0,-16.0,72.0,-4.0,57.0,0.0,1024.0
18.0,0.0,241.0,-13.0,75.0,-1.0,56.0,1.0,1024.0
13.0,-2.0,238.0,-13.0,75.0,-2.0,58.0,-1.0,1020.0
14.0,-3.0,238.0,-12.0,72.0,1.0,53.0,-3.0,1026.0
12.0,-3.0,237.0,-12.0,72.0,-1.0,55.0,1.0,1019.0
17.0,-3.0,237.0,-15.0,73.0,0.0,56.0,-4.0,1021.0
13.0,-3.0,239.0,-15.0,74.0,-1.0,55.0,-1.0,1028.0
15.0,-3.0,236.0,-17.0,77.0,1.0,57.0,-9.0,1028.0
18.0,-5.0,236.0,-15.0,78.0,-1.0,54.0,-1.0,1028.0
14.0,-2.0,240.0,-15.0,77.0,0.0,54.0,-9.0,1028.0
14.0,-3.0,238.0,-15.0,75.0,-4.0,49.0,-5.0,1024.0
15.0,-1.0,236.0,-17.0,73.0,-2.0,53.0,1.0,1018.0
17.0,-3.0,237.0,-17.0,74.0,-6.0,49.0,2.0,1017.0
13.0,-1.0,235.0,-17.0,75.0,-5.0,54.0,3.0,1013.0
14.0,-3.0,236.0,-17.0,77.0,-7.0,50.0,4.0,1015.0
15.0,-3.0,239.0,-17.0,77.0,-7.0,54.0,-2.0,1007.0
14.0,-2.0,232.0,-17.0,76.0,-11.0,47.0,-2.0,1010.0
14.0,-2.0,238.0,-18.0,76.0,-11.0,50.0,-8.0,1019.0
15.0,0.0,235.0,-20.0,75.0,-13.0,51.0,1.0,1015.0
16.0,-2.0,237.0,-22.0,77.0,-13.0,51.0,2.0,1012.0
15.0,-3.0,237.0,-24.0,81.0,-16.0,44.0,1.0,1023.0
13.0,-3.0,239.0,-26.0,83.0,-15.0,42.0,2.0,1023.0
15.0,-2.0,238.0,-26.0,83.0,-21.0,48.0,5.0,1024.0
14.0,-1.0,235.0,-23.0,85.0,-22.0,48.0,0.0,1026.0
15.0,-1.0,244.0,-21.0,91.0,-27.0,50.0,7.0,1028.0
17.0,-3.0,237.0,-22.0,92.0,-27.0,51.0,6.0,1029.0
11.0,2.0,242.0,-18.0,92.0,-28.0,54.0,5.0,1031.0
13.0,-1.0,242.0,-13.0,92.0,-29.0,50.0,6.0,1028.0
10.0,1.0,239.0,-11.0,93.0,-32.0,45.0,5.0,1030.0
11.0,1.0,240.0,-10.0,89.0,-31.0,45.0,6.0,1030.0
14.0,-2.0,242.0,-11.0,87.0,-32.0,46.0,5.0,1032.0
14.0,1.0,238.0,-9.0,84.0,-29.0,45.0,1.0,1032.0
12.0,-3.0,242.0,-6.0,82.0,-30.0,49.0,6.0,1039.0
15.0,-2.0,244.0,-6.0,81.0,-26.0,52.0,-2.0,1033.0
14.0,-1.0,240.0,-8.0,79.0,-28.0,54.0,8.0,1034.0
15.0,-3.0,238.0,-9.0,76.0,-24.0,54.0,3.0,1037.0
16.0,0.0,240.0,-7.0,74.0,-24.0,51.0,5.0,1032.0
15.0,-1.0,241.0,-6.0,73.0,-21.0,54.0,11.0,1035.0
16.0,0.0,241.0,-6.0,74.0,-20.0,54.0,8.0,1037.0
15.0,-1.0,238.0,-3.0,74.0,-14.0,55.0,8.0,1032.0
17.0,0.0,241.0,-1.0,74.0,-15.0,58.0,10.0,1034.0
18.0,-2.0,240.0,-1.0,73.0,-11.0,57.0,9.0,1033.0
14.0,1.0,239.0,0.0,71.0,-11.0,54.0,8.0,1032.0
14.0,-2.0,241.0,-2.0,68.0,-5.0,57.0,2.0,1031.0
16.0,-3.0,244.0,-3.0,69.0,-6.0,57.0,4.0,1025.0
16.0,-3.0,241.0,-3.0,66.0,-3.0,59.0,0.0,1028.0
17.0,-4.0,243.0,-2.0,64.0,-4.0,55.0,-3.0,1030.0
17.0,-2.0,242.0,-2.0,62.0,-2.0,54.0,0.0,1027.0
15.0,-2.0,242.0,-3.0,63.0,-7.0,53.0,-7.0,1031.0
16.0,-4.0,236.0,-4.0,65.0,-4.0,56.0,-3.0,1034.0
15.0,-3.0,239.0,-5.0,64.0,-7.0,55.0,-9.0,1035.0
17.0,-1.0,241.0,-3.0,65.0,-4.0,49.0,-9.0,1032.0
15.0,-4.0,240.0,-3.0,64.0,-6.0,45.0,-10.0,1028.0
16.0,-4.0,240.0,0.0,64.0,-5.0,50.0,-7.0,1027.0
12.0,-3.0,237.0,1.0,66.0,-7.0,51.0,-11.0,1024.0
13.0,-2.0,234.0,0.0,67.0,-4.0,43.0,-4.0,1019.0
16.0,-3.0,235.0,-6.0,66.0,-6.0,54.0,-6.0,1024.0
15.0,-4.0,237.0,-11.0,67.0,-2.0,46.0,-1.0,1028.0
17.0,-3.0,238.0,-14.0,67.0,-4.0,50.0,0.0,1024.0
12.0,-3.0,238.0,-14.0,63.0,0.0,51.0,-1.0,1025.0
16.0,-4.0,240.0,-13.0,63.0,-2.0,50.0,-6.0,1026.0
12.0,-4.0,238.0,-12.0,64.0,-2.0,48.0,-8.0,1026.0
14.0,-3.0,237.0,-13.0,66.0,-5.0,49.0,-4.0,1026.0
14.0,-3.0,238.0,-18.0,70.0,-3.0,49.0,3.0,1024.0
15.0,-4.0,240.0,-24.0,72.0,-9.0,45.0,0.0,1032.0
15.0,-3.0,238.0,-28.0,75.0,-7.0,46.0,-2.0,1033.0
15.0,-3.0,240.0,-27.0,77.0,-10.0,45.0,-2.0,1026.0
13.0,-3.0,238.0,-27.0,75.0,-7.0,44.0,1.0,1033.0
13.0,-2.0,240.0,-27.0,74.0,-9.0,41.0,-4.0,1028.0
10.0,-3.0,239.0,-25.0,75.0,-6.0,36.0,-4.0,1029.0
10.0,-2.0,240.0,-23.0,76.0,-9.0,37.0,-3.0,1023.0
11.0,-2.0,238.0,-22.0,76.0,-7.0,43.0,-4.0,1026.0
17.0,-4.0,236.0,-21.0,77.0,-9.0,43.0,1.0,1023.0
14.0,-1.0,243.0,-19.0,75.0,-5.0,43.0,0.0,1024.0
14.0,-3.0,241.0,-19.0,76.0,-7.0,45.0,1.0,1021.0
14.0,-3.0,240.0,-21.0,77.0,-5.0,42.0,0.0,1028.0
13.0,-2.0,240.0,-22.0,77.0,-8.0,42.0,1.0,1025.0
14.0,-2.0,242.0,-24.0,77.0,-5.0,45.0,5.0,1032.0
13.0,-2.0,243.0,-26.0,77.0,-9.0,45.0,7.0,1027.0
13.0,-1.0,240.0,-26.0,77.0,-5.0,46.0,6.0,1029.0
13.0,-1.0,240.0,-26.0,77.0,-7.0,45.0,3.0,1032.0
12.0,-1.0,245.0,-26.0,76.0,-6.0,49.0,3.0,1039.0
13.0,-3.0,240.0,-25.0,73.0,-6.0,47.0,6.0,1038.0
13.0,0.0,240.0,-22.0,70.0,-4.0,43.0,3.0,1033.0
12.0,-2.0,240.0,-19.0,70.0,-6.0,47.0,5.0,1037.0
13.0,-3.0,241.0,-17.0,69.0,-3.0,47.0,3.0,1032.0
11.0,-2.0,239.0,-16.0,66.0,-6.0,42.0,2.0,1034.0
15.0,-6.0,241.0,-14.0,63.0,-2.0,50.0,-1.0,1036.0
12.0,-4.0,243.0,-11.0,61.0,-4.0,47.0,-1.0,1035.0
14.0,-2.0,239.0,-10.0,60.0,-2.0,48.0,3.0,1029.0
14.0,-2.0,241.0,-7.0,59.0,-2.0,48.0,-5.0,1030.0
14.0,-2.0,241.0,-6.0,59.0,-1.0,51.0,2.0,1028.0
13.0,-2.0,236.0,-5.0,58.0,-2.0,48.0,3.0,1029.0
15.0,-1.0,238.0,-5.0,59.0,0.0,45.0,6.0,1028.0
13.0,-2.0,238.0,-4.0,60.0,-1.0,49.0,4.0,1023.0
14.0,-3.0,238.0,-3.0,58.0,2.0,42.0,0.0,1026.0
13.0,-4.0,242.0,-3.0,58.0,1.0,42.0,6.0,1029.0
12.0,-1.0,239.0,-5.0,59.0,4.0,47.0,3.0,1029.0
14.0,-3.0,238.0,-5.0,60.0,1.0,49.0,4.0,1030.0
14.0,-3.0,240.0,-7.0,61.0,4.0,43.0,1.0,1031.0
14.0,2.0,240.0,-10.0,61.0,2.0,47.0,4.0,1034.0
16.0,-3.0,240.0,-10.0,61.0,4.0,44.0,6.0,1032.0
13.0,-4.0,238.0,-10.0,60.0,2.0,49.0,2.0,1031.0
13.0,-2.0,238.0,-9.0,58.0,5.0,50.0,2.0,1030.0
12.0,-4.0,241.0,-8.0,57.0,3.0,47.0,3.0,1027.0
14.0,-3.0,238.0,-8.0,56.0,6.0,50.0,-1.0,1031.0
16.0,-3.0,238.0,-7.0,54.0,5.0,47.0,2.0,1027.0
15.0,-1.0,238.0,-7.0,55.0,5.0,50.0,-2.0,1025.0
13.0,-3.0,237.0,-6.0,53.0,5.0,51.0,-2.0,1023.0
14.0,-1.0,235.0,-6.0,55.0,6.0,47.0,0.0,1027.0
15.0,-3.0,240.0,-6.0,55.0,3.0,48.0,-2.0,1024.0
13.0,-2.0,235.0,-7.0,57.0,3.0,45.0,-5.0,1025.0
13.0,-2.0,236.0,-10.0,59.0,0.0,51.0,-1.0,1025.0
11.0,0.0,237.0,-10.0,59.0,1.0,47.0,0.0,1025.0
15.0,-3.0,241.0,-11.0,60.0,-1.0,50.0,3.0,1031.0
13.0,-4.0,240.0,-12.0,60.0,1.0,42.0,0.0,1024.0
14.0,-4.0,241.0,-13.0,62.0,-1.0,49.0,-2.0,1029.0
13.0,-3.0,240.0,-16.0,61.0,0.0,45.0,1.0,1027.0
14.0,-4.0,244.0,-15.0,61.0,-4.0,45.0,-5.0,1030.0
12.0,-3.0,239.0,-16.0,63.0,-2.0,47.0,0.0,1035.0
12.0,-4.0,242.0,-16.0,61.0,-3.0,49.0,2.0,1028.0
13.0,-3.0,236.0,-16.0,60.0,-2.0,44.0,4.0,1029.0
15.0,-4.0,241.0,-14.0,59.0,-3.0,45.0,3.0,1029.0
12.0,-2.0,240.0,-13.0,58.0,-1.0,47.0,0.0,1028.0
12.0,-4.0,242.0,-12.0,57.0,-3.0,45.0,-5.0,1027.0
14.0,-2.0,236.0,-12.0,57.0,-1.0,49.0,5.0,1030.0
14.0,-4.0,243.0,-10.0,56.0,-2.0,51.0,0.0,1024.0
12.0,-3.0,239.0,-10.0,56.0,-1.0,44.0,-2.0,1023.0
15.0,-3.0,236.0,-10.0,57.0,-2.0,45.0,-1.0,1025.0
14.0,0.0,238.0,-12.0,56.0,-1.0,48.0,0.0,1025.0
16.0,-3.0,237.0,-12.0,59.0,-3.0,41.0,-2.0,1027.0
14.0,-2.0,238.0,-14.0,61.0,-2.0,49.0,2.0,1028.0
14.0,-2.0,240.0,-16.0,64.0,-4.0,46.0,2.0,1030.0
12.0,-3.0,240.0,-19.0,67.0,-4.0,51.0,2.0,1032.0
13.0,1.0,238.0,-21.0,67.0,-6.0,51.0,5.0,1028.0
11.0,0.0,239.0,-20.0,67.0,-4.0,46.0,3.0,1032.0
13.0,-3.0,246.0,-19.0,65.0,-6.0,44.0,0.0,1028.0
13.0,-1.0,243.0,-16.0,63.0,-3.0,45.0,1.0,1028.0
13.0,-3.0,239.0,-13.0,62.0,-4.0,43.0,-1.0,1027.0
14.0,-4.0,238.0,-12.0,61.0,-3.0,46.0,1.0,1026.0
15.0,-3.0,236.0,-10.0,58.0,-4.0,49.0,-10.0,1026.0
9.0,-3.0,237.0,-10.0,58.0,-2.0,49.0,-2.0,1026.0
12.0,1.0,235.0,-9.0,56.0,-3.0,45.0,1.0,1024.0
15.0,1.0,239.0,-9.0,57.0,-3.0,49.0,8.0,1023.0
14.0,-1.0,238.0,-11.0,58.0,-2.0,46.0,6.0,1023.0
15.0,2.0,238.0,-15.0,60.0,-1.0,47.0,5.0,1029.0
13.0,-1.0,243.0,-17.0,61.0,-2.0,45.0,9.0,1028.0
14.0,-3.0,233.0,-15.0,60.0,-1.0,50.0,2.0,1034.0
13.0,-1.0,239.0,-15.0,60.0,0.0,50.0,5.0,1032.0
16.0,-3.0,237.0,-12.0,59.0,0.0,45.0,2.0,1029.0
14.0,-3.0,238.0,-14.0,60.0,-2.0,48.0,4.0,1028.0
6.0,-4.0,252.0,-18.0,63.0,-1.0,45.0,-3.0,1036.0
13.0,-2.0,242.0,-23.0,63.0,-3.0,49.0,3.0,1033.0
13.0,-3.0,241.0,-22.0,63.0,-2.0,45.0,2.0,1034.0
17.0,-3.0,241.0,-18.0,60.0,-4.0,46.0,-5.0,1033.0
11.0,-2.0,233.0,-14.0,56.0,-3.0,45.0,-1.0,1026.0
15.0,-4.0,239.0,-14.0,54.0,-3.0,46.0,-10.0,1030.0
14.0,-3.0,243.0,-15.0,52.0,-2.0,48.0,-5.0,1027.0
13.0,-1.0,241.0,-14.0,53.0,-2.0,48.0,-8.0,1028.0
13.0,-2.0,238.0,-15.0,54.0,-1.0,48.0,-3.0,1026.0
11.0,-3.0,241.0,-14.0,52.0,-1.0,44.0,-8.0,1027.0
13.0,-4.0,238.0,-12.0,51.0,-1.0,45.0,1.0,1029.0
13.0,-3.0,239.0,-15.0,51.0,-5.0,43.0,-3.0,1029.0
11.0,-2.0,242.0,-18.0,54.0,-4.0,48.0,3.0,1029.0
15.0,-3.0,243.0,-23.0,56.0,-6.0,45.0,4.0,1040.0
13.0,-2.0,239.0,-28.0,58.0,-7.0,45.0,5.0,1042.0
15.0,-1.0,242.0,-29.0,58.0,-7.0,42.0,7.0,1042.0
14.0,-3.0,237.0,-28.0,58.0,-6.0,45.0,-3.0,1036.0
13.0,-3.0,240.0,-27.0,53.0,-6.0,44.0,-5.0,1032.0
13.0,-4.0,240.0,-24.0,50.0,-3.0,50.0,0.0,1028.0
12.0,-3.0,241.0,-21.0,47.0,-3.0,49.0,-6.0,1024.0
15.0,-4.0,238.0,-20.0,44.0,-2.0,45.0,-8.0,1025.0
13.0,-3.0,241.0,-18.0,42.0,-2.0,50.0,-6.0,1024.0
13.0,-4.0,234.0,-16.0,39.0,-2.0,45.0,-4.0,1017.0
12.0,-3.0,240.0,-17.0,38.0,-3.0,46.0,-5.0,1015.0
13.0,-3.0,239.0,-17.0,40.0,-3.0,50.0,-4.0,1025.0
13.0,-4.0,234.0,-21.0,42.0,-5.0,48.0,0.0,1029.0
15.0,-2.0,238.0,-23.0,42.0,-5.0,49.0,3.0,1027.0
13.0,0.0,240.0,-25.0,45.0,-5.0,51.0,6.0,1032.0
15.0,-1.0,243.0,-28.0,47.0,-5.0,51.0,0.0,1031.0
16.0,-1.0,244.0,-31.0,47.0,-6.0,48.0,3.0,1036.0
13.0,-2.0,245.0,-29.0,47.0,-7.0,50.0,6.0,1031.0
12.0,0.0,240.0,-28.0,47.0,-8.0,49.0,3.0,1031.0
14.0,-2.0,242.0,-28.0,46.0,-7.0,52.0,1.0,1035.0
11.0,-2.0,241.0,-26.0,44.0,-6.0,48.0,2.0,1032.0
15.0,-1.0,238.0,-25.0,43.0,-6.0,51.0,-1.0,1030.0
13.0,-3.0,243.0,-23.0,41.0,-3.0,47.0,4.0,1036.0
13.0,0.0,238.0,-21.0,39.0,-6.0,46.0,-2.0,1029.0
12.0,-1.0,243.0,-20.0,39.0,-4.0,51.0,-2.0,1027.0
13.0,-2.0,237.0,-19.0,38.0,-4.0,48.0,2.0,1032.0
12.0,-3.0,242.0,-17.0,38.0,-4.0,50.0,-2.0,1028.0
14.0,-4.0,241.0,-19.0,39.0,-4.0,52.0,-2.0,1026.0
16.0,-3.0,240.0,-19.0,40.0,-5.0,46.0,1.0,1024.0
9.0,-1.0,239.0,-20.0,41.0,-4.0,49.0,6.0,1026.0
15.0,-1.0,240.0,-21.0,44.0,-3.0,46.0,1.0,1023.0
14.0,-3.0,243.0,-22.0,43.0,-4.0,50.0,1.0,1027.0
15.0,-4.0,240.0,-23.0,44.0,-2.0,49.0,-4.0,1030.0
14.0,-3.0,241.0,-24.0,43.0,-2.0,48.0,-2.0,1024.0
14.0,-3.0,240.0,-24.0,42.0,-2.0,52.0,-1.0,1028.0
15.0,-1.0,240.0,-24.0,41.0,-3.0,48.0,-3.0,1034.0
13.0,-2.0,239.0,-23.0,40.0,-2.0,49.0,1.0,1024.0
15.0,-3.0,237.0,-24.0,40.0,-3.0,48.0,-1.0,1029.0
16.0,-1.0,238.0,-24.0,41.0,0.0,52.0,-8.0,1031.0
13.0,-4.0,240.0,-23.0,38.0,-1.0,51.0,-4.0,1031.0
14.0,-2.0,238.0,-24.0,36.0,-2.0,48.0,-5.0,1034.0
14.0,-2.0,239.0,-24.0,37.0,-2.0,53.0,-8.0,1027.0
13.0,-2.0,239.0,-24.0,38.0,0.0,52.0,-10.0,1026.0
16.0,-4.0,239.0,-24.0,37.0,-2.0,54.0,-6.0,1025.0
15.0,-3.0,238.0,-23.0,36.0,-2.0,53.0,-9.0,1024.0
17.0,-4.0,239.0,-25.0,36.0,-3.0,54.0,0.0,1025.0
16.0,-4.0,237.0,-24.0,36.0,-2.0,47.0,-9.0,1026.0
16.0,-3.0,237.0,-25.0,37.0,-2.0,47.0,-7.0,1028.0
13.0,-4.0,243.0,-26.0,38.0,-3.0,48.0,-9.0,1026.0
15.0,-4.0,244.0,-25.0,39.0,-5.0,55.0,-3.0,1025.0
14.0,-3.0,242.0,-26.0,38.0,-3.0,52.0,1.0,1026.0
16.0,-2.0,239.0,-27.0,37.0,-3.0,54.0,-5.0,1025.0
19.0,-3.0,236.0,-24.0,34.0,1.0,57.0,-8.0,1024.0
17.0,-3.0,237.0,-21.0,33.0,0.0,56.0,-7.0,1024.0
16.0,-4.0,237.0,-17.0,31.0,1.0,57.0,-11.0,1022.0
15.0,-3.0,236.0,-16.0,32.0,-1.0,56.0,-6.0,1019.0
17.0,-2.0,242.0,-17.0,35.0,-2.0,56.0,-2.0,1019.0
14.0,-2.0,239.0,-20.0,41.0,-3.0,55.0,-1.0,1022.0
15.0,0.0,237.0,-21.0,46.0,-4.0,56.0,-3.0,1025.0
19.0,-3.0,241.0,-22.0,48.0,-7.0,54.0,-5.0,1026.0
17.0,-3.0,238.0,-23.0,51.0,-5.0,55.0,3.0,1026.0
17.0,-5.0,238.0,-26.0,51.0,-7.0,53.0,-2.0,1027.0
13.0,-3.0,242.0,-28.0,51.0,-6.0,55.0,-4.0,1031.0
14.0,-3.0,240.0,-28.0,49.0,-8.0,51.0,-2.0,1032.0
13.0,-5.0,244.0,-26.0,48.0,-4.0,52.0,-10.0,1028.0
16.0,-3.0,239.0,-22.0,45.0,-6.0,51.0,-3.0,1033.0
15.0,-3.0,239.0,-21.0,43.0,-3.0,52.0,-7.0,1025.0
16.0,-4.0,240.0,-20.0,43.0,-4.0,48.0,-8.0,1027.0
11.0,-3.0,237.0,-20.0,43.0,-4.0,48.0,-6.0,1024.0
13.0,-3.0,237.0,-21.0,43.0,-7.0,51.0,-3.0,1027.0
16.0,-3.0,241.0,-24.0,45.0,-4.0,53.0,-4.0,1025.0
14.0,-3.0,239.0,-22.0,46.0,-6.0,53.0,-7.0,1025.0
16.0,-4.0,239.0,-23.0,46.0,-5.0,54.0,-3.0,1024.0
13.0,-3.0,240.0,-24.0,47.0,-7.0,56.0,-2.0,1024.0
17.0,-4.0,242.0,-25.0,49.0,-5.0,56.0,-8.0,1029.0
13.0,-2.0,240.0,-26.0,48.0,-6.0,55.0,-6.0,1029.0
15.0,-4.0,240.0,-25.0,46.0,-4.0,61.0,-2.0,1030.0
13.0,-3.0,236.0,-22.0,47.0,-6.0,57.0,-4.0,1028.0
16.0,-2.0,237.0,-23.0,47.0,-3.0,57.0,-6.0,1025.0
15.0,-4.0,237.0,-23.0,49.0,-5.0,55.0,-5.0,1024.0
18.0,-4.0,236.0,-23.0,49.0,-3.0,57.0,-6.0,1025.0
17.0,-3.0,239.0,-22.0,49.0,-4.0,56.0,-6.0,1030.0
17.0,-4.0,238.0,-20.0,49.0,-2.0,59.0,-9.0,1029.0
15.0,-4.0,243.0,-22.0,49.0,-6.0,57.0,-8.0,1028.0
16.0,-3.0,241.0,-20.0,50.0,-4.0,51.0,-10.0,1028.0
15.0,-3.0,240.0,-20.0,49.0,-5.0,55.0,-8.0,1023.0
13.0,-4.0,240.0,-21.0,50.0,-4.0,57.0,-2.0,1023.0
16.0,-3.0,238.0,-20.0,50.0,-5.0,52.0,-5.0,1025.0
16.0,-4.0,240.0,-21.0,50.0,-5.0,54.0,-6.0,1026.0
15.0,-2.0,242.0,-21.0,51.0,-6.0,51.0,-9.0,1028.0
17.0,-3.0,239.0,-20.0,52.0,-3.0,57.0,-5.0,1027.0
16.0,-4.0,238.0,-19.0,49.0,-5.0,51.0,-5.0,1028.0
14.0,-3.0,236.0,-19.0,48.0,-3.0,55.0,-7.0,1027.0
17.0,-4.0,239.0,-20.0,47.0,-4.0,55.0,-8.0,1024.0
14.0,-4.0,238.0,-20.0,47.0,-1.0,54.0,-6.0,1021.0
18.0,-4.0,238.0,-22.0,46.0,-3.0,53.0,-4.0,1023.0
15.0,-2.0,238.0,-22.0,48.0,0.0,55.0,-4.0,1028.0
16.0,-4.0,236.0,-22.0,47.0,-1.0,55.0,-7.0,1025.0
16.0,-4.0,236.0,-24.0,46.0,1.0,58.0,-3.0,1026.0
18.0,-4.0,238.0,-23.0,46.0,-1.0,58.0,-8.0,1026.0
17.0,-4.0,239.0,-22.0,46.0,1.0,58.0,-5.0,1029.0
15.0,-4.0,241.0,-24.0,45.0,-3.0,55.0,-5.0,1023.0
18.0,-3.0,240.0,-24.0,47.0,-1.0,58.0,-8.0,1026.0
17.0,-4.0,239.0,-22.0,47.0,-2.0,55.0,-7.0,1026.0
14.0,-4.0,237.0,-21.0,46.0,0.0,55.0,-11.0,1029.0
19.0,-3.0,240.0,-19.0,46.0,-3.0,49.0,-3.0,1025.0
15.0,-3.0,238.0,-20.0,46.0,-1.0,58.0,-13.0,1028.0
18.0,-3.0,236.0,-21.0,46.0,-4.0,53.0,-9.0,1025.0
16.0,-3.0,238.0,-22.0,47.0,-1.0,60.0,-12.0,1024.0
15.0,-4.0,239.0,-23.0,46.0,-3.0,62.0,-3.0,1025.0
13.0,-4.0,242.0,-24.0,46.0,-1.0,56.0,-15.0,1025.0
17.0,-4.0,240.0,-25.0,47.0,-3.0,58.0,-4.0,1027.0
17.0,-4.0,238.0,-26.0,47.0,0.0,58.0,-8.0,1030.0
18.0,-4.0,239.0,-27.0,47.0,-2.0,57.0,-7.0,1029.0
17.0,-4.0,240.0,-26.0,47.0,-2.0,55.0,-3.0,1027.0
18.0,-4.0,235.0,-25.0,47.0,-2.0,50.0,-7.0,1023.0
15.0,-5.0,239.0,-23.0,45.0,0.0,55.0,-14.0,1028.0
15.0,-3.0,238.0,-21.0,45.0,-3.0,56.0,-15.0,1025.0
14.0,-4.0,236.0,-20.0,45.0,-1.0,57.0,-11.0,1021.0
18.0,-2.0,238.0,-19.0,46.0,-2.0,59.0,-15.0,1022.0
16.0,-4.0,235.0,-19.0,44.0,1.0,59.0,-13.0,1026.0
18.0,-3.0,235.0,-19.0,46.0,-1.0,57.0,-4.0,1024.0
14.0,-4.0,241.0,-20.0,47.0,-2.0,57.0,-11.0,1022.0
17.0,-3.0,241.0,-22.0,49.0,-4.0,56.0,4.0,1024.0
18.0,-3.0,236.0,-23.0,51.0,-3.0,56.0,-10.0,1029.0
15.0,-2.0,240.0,-25.0,52.0,-6.0,56.0,-7.0,1028.0
16.0,-3.0,240.0,-23.0,54.0,-3.0,60.0,-9.0,1028.0
16.0,-4.0,238.0,-24.0,53.0,-5.0,58.0,-12.0,1027.0
17.0,-3.0,240.0,-23.0,53.0,-2.0,63.0,-13.0,1030.0
15.0,-4.0,234.0,-19.0,51.0,-4.0,59.0,-8.0,1024.0
16.0,-4.0,238.0,-16.0,50.0,-1.0,59.0,-15.0,1025.0
15.0,-4.0,236.0,-15.0,48.0,-4.0,60.0,-13.0,1022.0
17.0,-5.0,238.0,-12.0,46.0,-1.0,60.0,-8.0,1024.0
16.0,-3.0,238.0,-11.0,46.0,-2.0,59.0,-20.0,1025.0
16.0,-1.0,234.0,-12.0,47.0,0.0,57.0,-11.0,1027.0
15.0,-1.0,238.0,-14.0,49.0,-4.0,59.0,-5.0,1026.0
18.0,-3.0,243.0,-16.0,50.0,-3.0,61.0,-5.0,1026.0
18.0,-4.0,241.0,-19.0,51.0,-6.0,54.0,0.0,1030.0
16.0,-3.0,237.0,-20.0,52.0,-3.0,59.0,-7.0,1028.0
17.0,-4.0,239.0,-20.0,53.0,-6.0,62.0,-8.0,1025.0
17.0,-4.0,238.0,-16.0,51.0,-3.0,62.0,-11.0,1026.0
17.0,-4.0,237.0,-12.0,51.0,-3.0,64.0,-13.0,1023.0
17.0,-4.0,236.0,-8.0,52.0,-1.0,66.0,-15.0,1020.0
17.0,-4.0,240.0,-9.0,54.0,-4.0,61.0,-11.0,1017.0
18.0,-3.0,239.0,-9.0,57.0,-2.0,60.0,-10.0,1019.0
17.0,-4.0,235.0,-7.0,59.0,-5.0,55.0,-15.0,1014.0
17.0,-5.0,234.0,-6.0,61.0,-5.0,57.0,-11.0,1011.0
17.0,-3.0,240.0,-6.0,63.0,-6.0,57.0,-6.0,1014.0
14.0,-3.0,237.0,-7.0,66.0,-6.0,57.0,1.0,1024.0
16.0,-4.0,239.0,-8.0,66.0,-9.0,54.0,-7.0,1019.0
18.0,-4.0,238.0,-5.0,68.0,-7.0,58.0,-5.0,1022.0
